##TITLE= Parameter file, TopSpin 4.5.0
##JCAMPDX= 5.0
##DATATYPE= Parameter Values
##ORIGIN= Bruker BioSpin GmbH & Co. KG
##OWNER= kayigwe
$$ 2025-10-10 00:20:25.518 -0400  kayigwe@Kays-MBP-2.columbia.edu
$$ /opt/topspin4.5.0/exp/stan/nmr/lists/wave/user/VoxPulShape_1_Simulated_10102025
$$ process /opt/topspin4.5.0/prog/mod/toolserver
##MINX= 0.05511900
##MAXX= 100.00000000
##MINY= 0.00000000
##MAXY= 180.00000000
##$SHAPE_ADDPHASE= 0
##$SHAPE_AMP= 100
##$SHAPE_BWFAC= 4.2
##$SHAPE_BWFAC50= 0
##$SHAPE_CALCBW= yes
##$SHAPE_CALCINTEG= yes
##$SHAPE_EXMODE= <Universal>
##$SHAPE_EXPAND= <>
##$SHAPE_EXPANDCF= (0..143)
0 0 0 0 0 0 0 0 0 0 0 0 0 0 0 0 0 0 0 0 0 0 0 0 0 0 0 0 0 0 0 0 0 0 0 0
0 0 0 0 0 0 0 0 0 0 0 0 0 0 0 0 0 0 0 0 0 0 0 0 0 0 0 0 0 0 0 0 0 0 0 0
0 0 0 0 0 0 0 0 0 0 0 0 0 0 0 0 0 0 0 0 0 0 0 0 0 0 0 0 0 0 0 0 0 0 0 0
0 0 0 0 0 0 0 0 0 0 0 0 0 0 0 0 0 0 0 0 0 0 0 0 0 0 0 0 0 0 0 0 0 0 0 0
##$SHAPE_EXPFAC= 0
##$SHAPE_FRACEND= 0
##$SHAPE_FRACORG= 0
##$SHAPE_FRACSTART= 0
##$SHAPE_INTEGFAC= 0.21033013
##$SHAPE_KEEPRES= yes
##$SHAPE_LENGTH= 777.8
##$SHAPE_MAN= <>
##$SHAPE_MODE= 0
##$SHAPE_MODFREQ= 0
##$SHAPE_MODPHASE= 0
##$SHAPE_MODSCALE= 0
##$SHAPE_MODSW= 0
##$SHAPE_MODSWDIR= -1
##$SHAPE_NPOINTS= 1000
##$SHAPE_OFFS= <>
##$SHAPE_OFFSCOEFF= (0..95)
0 0 0 0 0 0 0 0 0 0 0 0 0 0 0 0 0 0 0 0 0 0 0 0 0 0 0 0 0 0 0 0 0 0 0 0
0 0 0 0 0 0 0 0 0 0 0 0 0 0 0 0 0 0 0 0 0 0 0 0 0 0 0 0 0 0 0 0 0 0 0 0
0 0 0 0 0 0 0 0 0 0 0 0 0 0 0 0 0 0 0 0 0 0 0 0
##$SHAPE_PARAMETER= <>
##$SHAPE_REPHFAC= 0
##$SHAPE_RES= 0
##$SHAPE_SCALEFAC= 1
##$SHAPE_SCALETYPE= 0
##$SHAPE_SPOAL= 0
##$SHAPE_SPOFFS= 0
##$SHAPE_SPOPH= 0
##$SHAPE_TOTROT= 90
##$SHAPE_TYPE= <Excitation>
##$SHAPE_USER_DEF= <>
##$SHAPE_VERSION= 2.1
##$SHL_ADDPHASE= (0..15)
0 0 0 0 0 0 0 0 0 0 0 0 0 0 0 0
##$SHL_ALIGNOFFSET= (0..15)
0 0 0 0 0 0 0 0 0 0 0 0 0 0 0 0
##$SHL_AMP= (0..15)
100 0 0 0 0 0 0 0 0 0 0 0 0 0 0 0
##$SHL_AMPFAC= (0..15)
0 0 0 0 0 0 0 0 0 0 0 0 0 0 0 0
##$SHL_BETA= (0..15)
0 0 0 0 0 0 0 0 0 0 0 0 0 0 0 0
##$SHL_BWFAC= (0..15)
4.2 0 0 0 0 0 0 0 0 0 0 0 0 0 0 0
##$SHL_CALCBW= (0..15)
yes yes yes yes yes yes yes yes yes yes yes yes yes yes yes yes
##$SHL_CALCINTEG= (0..15)
yes yes yes yes yes yes yes yes yes yes yes yes yes yes yes yes
##$SHL_CENTERAMP= (0..15)
0 0 0 0 0 0 0 0 0 0 0 0 0 0 0 0
##$SHL_CYCNUM= (0..15)
0 0 0 0 0 0 0 0 0 0 0 0 0 0 0 0
##$SHL_DIPOLCPL= (0..15)
0 0 0 0 0 0 0 0 0 0 0 0 0 0 0 0
##$SHL_ENDAMP= (0..15)
0 0 0 0 0 0 0 0 0 0 0 0 0 0 0 0
##$SHL_EXMODE= (0..15)
<Universal> <> <> <> <> <> <> <> <> <> <> <> <> <> <> <>
##$SHL_EXPAND= (0..15)
<> <> <> <> <> <> <> <> <> <> <> <> <> <> <> <>
##$SHL_EXPANDCF0= (0..143)
0 0 0 0 0 0 0 0 0 0 0 0 0 0 0 0 0 0 0 0 0 0 0 0 0 0 0 0 0 0 0 0 0 0 0 0
0 0 0 0 0 0 0 0 0 0 0 0 0 0 0 0 0 0 0 0 0 0 0 0 0 0 0 0 0 0 0 0 0 0 0 0
0 0 0 0 0 0 0 0 0 0 0 0 0 0 0 0 0 0 0 0 0 0 0 0 0 0 0 0 0 0 0 0 0 0 0 0
0 0 0 0 0 0 0 0 0 0 0 0 0 0 0 0 0 0 0 0 0 0 0 0 0 0 0 0 0 0 0 0 0 0 0 0
##$SHL_EXPANDCF1= (0..143)
0 0 0 0 0 0 0 0 0 0 0 0 0 0 0 0 0 0 0 0 0 0 0 0 0 0 0 0 0 0 0 0 0 0 0 0
0 0 0 0 0 0 0 0 0 0 0 0 0 0 0 0 0 0 0 0 0 0 0 0 0 0 0 0 0 0 0 0 0 0 0 0
0 0 0 0 0 0 0 0 0 0 0 0 0 0 0 0 0 0 0 0 0 0 0 0 0 0 0 0 0 0 0 0 0 0 0 0
0 0 0 0 0 0 0 0 0 0 0 0 0 0 0 0 0 0 0 0 0 0 0 0 0 0 0 0 0 0 0 0 0 0 0 0
##$SHL_EXPANDCF10= (0..143)
0 0 0 0 0 0 0 0 0 0 0 0 0 0 0 0 0 0 0 0 0 0 0 0 0 0 0 0 0 0 0 0 0 0 0 0
0 0 0 0 0 0 0 0 0 0 0 0 0 0 0 0 0 0 0 0 0 0 0 0 0 0 0 0 0 0 0 0 0 0 0 0
0 0 0 0 0 0 0 0 0 0 0 0 0 0 0 0 0 0 0 0 0 0 0 0 0 0 0 0 0 0 0 0 0 0 0 0
0 0 0 0 0 0 0 0 0 0 0 0 0 0 0 0 0 0 0 0 0 0 0 0 0 0 0 0 0 0 0 0 0 0 0 0
##$SHL_EXPANDCF11= (0..143)
0 0 0 0 0 0 0 0 0 0 0 0 0 0 0 0 0 0 0 0 0 0 0 0 0 0 0 0 0 0 0 0 0 0 0 0
0 0 0 0 0 0 0 0 0 0 0 0 0 0 0 0 0 0 0 0 0 0 0 0 0 0 0 0 0 0 0 0 0 0 0 0
0 0 0 0 0 0 0 0 0 0 0 0 0 0 0 0 0 0 0 0 0 0 0 0 0 0 0 0 0 0 0 0 0 0 0 0
0 0 0 0 0 0 0 0 0 0 0 0 0 0 0 0 0 0 0 0 0 0 0 0 0 0 0 0 0 0 0 0 0 0 0 0
##$SHL_EXPANDCF12= (0..143)
0 0 0 0 0 0 0 0 0 0 0 0 0 0 0 0 0 0 0 0 0 0 0 0 0 0 0 0 0 0 0 0 0 0 0 0
0 0 0 0 0 0 0 0 0 0 0 0 0 0 0 0 0 0 0 0 0 0 0 0 0 0 0 0 0 0 0 0 0 0 0 0
0 0 0 0 0 0 0 0 0 0 0 0 0 0 0 0 0 0 0 0 0 0 0 0 0 0 0 0 0 0 0 0 0 0 0 0
0 0 0 0 0 0 0 0 0 0 0 0 0 0 0 0 0 0 0 0 0 0 0 0 0 0 0 0 0 0 0 0 0 0 0 0
##$SHL_EXPANDCF13= (0..143)
0 0 0 0 0 0 0 0 0 0 0 0 0 0 0 0 0 0 0 0 0 0 0 0 0 0 0 0 0 0 0 0 0 0 0 0
0 0 0 0 0 0 0 0 0 0 0 0 0 0 0 0 0 0 0 0 0 0 0 0 0 0 0 0 0 0 0 0 0 0 0 0
0 0 0 0 0 0 0 0 0 0 0 0 0 0 0 0 0 0 0 0 0 0 0 0 0 0 0 0 0 0 0 0 0 0 0 0
0 0 0 0 0 0 0 0 0 0 0 0 0 0 0 0 0 0 0 0 0 0 0 0 0 0 0 0 0 0 0 0 0 0 0 0
##$SHL_EXPANDCF14= (0..143)
0 0 0 0 0 0 0 0 0 0 0 0 0 0 0 0 0 0 0 0 0 0 0 0 0 0 0 0 0 0 0 0 0 0 0 0
0 0 0 0 0 0 0 0 0 0 0 0 0 0 0 0 0 0 0 0 0 0 0 0 0 0 0 0 0 0 0 0 0 0 0 0
0 0 0 0 0 0 0 0 0 0 0 0 0 0 0 0 0 0 0 0 0 0 0 0 0 0 0 0 0 0 0 0 0 0 0 0
0 0 0 0 0 0 0 0 0 0 0 0 0 0 0 0 0 0 0 0 0 0 0 0 0 0 0 0 0 0 0 0 0 0 0 0
##$SHL_EXPANDCF15= (0..143)
0 0 0 0 0 0 0 0 0 0 0 0 0 0 0 0 0 0 0 0 0 0 0 0 0 0 0 0 0 0 0 0 0 0 0 0
0 0 0 0 0 0 0 0 0 0 0 0 0 0 0 0 0 0 0 0 0 0 0 0 0 0 0 0 0 0 0 0 0 0 0 0
0 0 0 0 0 0 0 0 0 0 0 0 0 0 0 0 0 0 0 0 0 0 0 0 0 0 0 0 0 0 0 0 0 0 0 0
0 0 0 0 0 0 0 0 0 0 0 0 0 0 0 0 0 0 0 0 0 0 0 0 0 0 0 0 0 0 0 0 0 0 0 0
##$SHL_EXPANDCF2= (0..143)
0 0 0 0 0 0 0 0 0 0 0 0 0 0 0 0 0 0 0 0 0 0 0 0 0 0 0 0 0 0 0 0 0 0 0 0
0 0 0 0 0 0 0 0 0 0 0 0 0 0 0 0 0 0 0 0 0 0 0 0 0 0 0 0 0 0 0 0 0 0 0 0
0 0 0 0 0 0 0 0 0 0 0 0 0 0 0 0 0 0 0 0 0 0 0 0 0 0 0 0 0 0 0 0 0 0 0 0
0 0 0 0 0 0 0 0 0 0 0 0 0 0 0 0 0 0 0 0 0 0 0 0 0 0 0 0 0 0 0 0 0 0 0 0
##$SHL_EXPANDCF3= (0..143)
0 0 0 0 0 0 0 0 0 0 0 0 0 0 0 0 0 0 0 0 0 0 0 0 0 0 0 0 0 0 0 0 0 0 0 0
0 0 0 0 0 0 0 0 0 0 0 0 0 0 0 0 0 0 0 0 0 0 0 0 0 0 0 0 0 0 0 0 0 0 0 0
0 0 0 0 0 0 0 0 0 0 0 0 0 0 0 0 0 0 0 0 0 0 0 0 0 0 0 0 0 0 0 0 0 0 0 0
0 0 0 0 0 0 0 0 0 0 0 0 0 0 0 0 0 0 0 0 0 0 0 0 0 0 0 0 0 0 0 0 0 0 0 0
##$SHL_EXPANDCF4= (0..143)
0 0 0 0 0 0 0 0 0 0 0 0 0 0 0 0 0 0 0 0 0 0 0 0 0 0 0 0 0 0 0 0 0 0 0 0
0 0 0 0 0 0 0 0 0 0 0 0 0 0 0 0 0 0 0 0 0 0 0 0 0 0 0 0 0 0 0 0 0 0 0 0
0 0 0 0 0 0 0 0 0 0 0 0 0 0 0 0 0 0 0 0 0 0 0 0 0 0 0 0 0 0 0 0 0 0 0 0
0 0 0 0 0 0 0 0 0 0 0 0 0 0 0 0 0 0 0 0 0 0 0 0 0 0 0 0 0 0 0 0 0 0 0 0
##$SHL_EXPANDCF5= (0..143)
0 0 0 0 0 0 0 0 0 0 0 0 0 0 0 0 0 0 0 0 0 0 0 0 0 0 0 0 0 0 0 0 0 0 0 0
0 0 0 0 0 0 0 0 0 0 0 0 0 0 0 0 0 0 0 0 0 0 0 0 0 0 0 0 0 0 0 0 0 0 0 0
0 0 0 0 0 0 0 0 0 0 0 0 0 0 0 0 0 0 0 0 0 0 0 0 0 0 0 0 0 0 0 0 0 0 0 0
0 0 0 0 0 0 0 0 0 0 0 0 0 0 0 0 0 0 0 0 0 0 0 0 0 0 0 0 0 0 0 0 0 0 0 0
##$SHL_EXPANDCF6= (0..143)
0 0 0 0 0 0 0 0 0 0 0 0 0 0 0 0 0 0 0 0 0 0 0 0 0 0 0 0 0 0 0 0 0 0 0 0
0 0 0 0 0 0 0 0 0 0 0 0 0 0 0 0 0 0 0 0 0 0 0 0 0 0 0 0 0 0 0 0 0 0 0 0
0 0 0 0 0 0 0 0 0 0 0 0 0 0 0 0 0 0 0 0 0 0 0 0 0 0 0 0 0 0 0 0 0 0 0 0
0 0 0 0 0 0 0 0 0 0 0 0 0 0 0 0 0 0 0 0 0 0 0 0 0 0 0 0 0 0 0 0 0 0 0 0
##$SHL_EXPANDCF7= (0..143)
0 0 0 0 0 0 0 0 0 0 0 0 0 0 0 0 0 0 0 0 0 0 0 0 0 0 0 0 0 0 0 0 0 0 0 0
0 0 0 0 0 0 0 0 0 0 0 0 0 0 0 0 0 0 0 0 0 0 0 0 0 0 0 0 0 0 0 0 0 0 0 0
0 0 0 0 0 0 0 0 0 0 0 0 0 0 0 0 0 0 0 0 0 0 0 0 0 0 0 0 0 0 0 0 0 0 0 0
0 0 0 0 0 0 0 0 0 0 0 0 0 0 0 0 0 0 0 0 0 0 0 0 0 0 0 0 0 0 0 0 0 0 0 0
##$SHL_EXPANDCF8= (0..143)
0 0 0 0 0 0 0 0 0 0 0 0 0 0 0 0 0 0 0 0 0 0 0 0 0 0 0 0 0 0 0 0 0 0 0 0
0 0 0 0 0 0 0 0 0 0 0 0 0 0 0 0 0 0 0 0 0 0 0 0 0 0 0 0 0 0 0 0 0 0 0 0
0 0 0 0 0 0 0 0 0 0 0 0 0 0 0 0 0 0 0 0 0 0 0 0 0 0 0 0 0 0 0 0 0 0 0 0
0 0 0 0 0 0 0 0 0 0 0 0 0 0 0 0 0 0 0 0 0 0 0 0 0 0 0 0 0 0 0 0 0 0 0 0
##$SHL_EXPANDCF9= (0..143)
0 0 0 0 0 0 0 0 0 0 0 0 0 0 0 0 0 0 0 0 0 0 0 0 0 0 0 0 0 0 0 0 0 0 0 0
0 0 0 0 0 0 0 0 0 0 0 0 0 0 0 0 0 0 0 0 0 0 0 0 0 0 0 0 0 0 0 0 0 0 0 0
0 0 0 0 0 0 0 0 0 0 0 0 0 0 0 0 0 0 0 0 0 0 0 0 0 0 0 0 0 0 0 0 0 0 0 0
0 0 0 0 0 0 0 0 0 0 0 0 0 0 0 0 0 0 0 0 0 0 0 0 0 0 0 0 0 0 0 0 0 0 0 0
##$SHL_EXPFAC= (0..15)
0 0 0 0 0 0 0 0 0 0 0 0 0 0 0 0
##$SHL_FRACEND= (0..15)
0 0 0 0 0 0 0 0 0 0 0 0 0 0 0 0
##$SHL_FRACORG= (0..15)
0 0 0 0 0 0 0 0 0 0 0 0 0 0 0 0
##$SHL_FRACSTART= (0..15)
0 0 0 0 0 0 0 0 0 0 0 0 0 0 0 0
##$SHL_FULLHALF= (0..15)
0 0 0 0 0 0 0 0 0 0 0 0 0 0 0 0
##$SHL_FUNCAMP= (0..15)
0 0 0 0 0 0 0 0 0 0 0 0 0 0 0 0
##$SHL_FUNCTION= (0..15)
<Hermite> <> <> <> <> <> <> <> <> <> <> <> <> <> <> <>
##$SHL_GCO= (0..15)
<> <> <> <> <> <> <> <> <> <> <> <> <> <> <> <>
##$SHL_GCOCOEFFS0= (0..59)
0 0 0 0 0 0 0 0 0 0 0 0 0 0 0 0 0 0 0 0 0 0 0 0 0 0 0 0 0 0 0 0 0 0 0 0
0 0 0 0 0 0 0 0 0 0 0 0 0 0 0 0 0 0 0 0 0 0 0 0
##$SHL_GCOCOEFFS1= (0..59)
0 0 0 0 0 0 0 0 0 0 0 0 0 0 0 0 0 0 0 0 0 0 0 0 0 0 0 0 0 0 0 0 0 0 0 0
0 0 0 0 0 0 0 0 0 0 0 0 0 0 0 0 0 0 0 0 0 0 0 0
##$SHL_GCOCOEFFS10= (0..59)
0 0 0 0 0 0 0 0 0 0 0 0 0 0 0 0 0 0 0 0 0 0 0 0 0 0 0 0 0 0 0 0 0 0 0 0
0 0 0 0 0 0 0 0 0 0 0 0 0 0 0 0 0 0 0 0 0 0 0 0
##$SHL_GCOCOEFFS11= (0..59)
0 0 0 0 0 0 0 0 0 0 0 0 0 0 0 0 0 0 0 0 0 0 0 0 0 0 0 0 0 0 0 0 0 0 0 0
0 0 0 0 0 0 0 0 0 0 0 0 0 0 0 0 0 0 0 0 0 0 0 0
##$SHL_GCOCOEFFS12= (0..59)
0 0 0 0 0 0 0 0 0 0 0 0 0 0 0 0 0 0 0 0 0 0 0 0 0 0 0 0 0 0 0 0 0 0 0 0
0 0 0 0 0 0 0 0 0 0 0 0 0 0 0 0 0 0 0 0 0 0 0 0
##$SHL_GCOCOEFFS13= (0..59)
0 0 0 0 0 0 0 0 0 0 0 0 0 0 0 0 0 0 0 0 0 0 0 0 0 0 0 0 0 0 0 0 0 0 0 0
0 0 0 0 0 0 0 0 0 0 0 0 0 0 0 0 0 0 0 0 0 0 0 0
##$SHL_GCOCOEFFS14= (0..59)
0 0 0 0 0 0 0 0 0 0 0 0 0 0 0 0 0 0 0 0 0 0 0 0 0 0 0 0 0 0 0 0 0 0 0 0
0 0 0 0 0 0 0 0 0 0 0 0 0 0 0 0 0 0 0 0 0 0 0 0
##$SHL_GCOCOEFFS15= (0..59)
0 0 0 0 0 0 0 0 0 0 0 0 0 0 0 0 0 0 0 0 0 0 0 0 0 0 0 0 0 0 0 0 0 0 0 0
0 0 0 0 0 0 0 0 0 0 0 0 0 0 0 0 0 0 0 0 0 0 0 0
##$SHL_GCOCOEFFS2= (0..59)
0 0 0 0 0 0 0 0 0 0 0 0 0 0 0 0 0 0 0 0 0 0 0 0 0 0 0 0 0 0 0 0 0 0 0 0
0 0 0 0 0 0 0 0 0 0 0 0 0 0 0 0 0 0 0 0 0 0 0 0
##$SHL_GCOCOEFFS3= (0..59)
0 0 0 0 0 0 0 0 0 0 0 0 0 0 0 0 0 0 0 0 0 0 0 0 0 0 0 0 0 0 0 0 0 0 0 0
0 0 0 0 0 0 0 0 0 0 0 0 0 0 0 0 0 0 0 0 0 0 0 0
##$SHL_GCOCOEFFS4= (0..59)
0 0 0 0 0 0 0 0 0 0 0 0 0 0 0 0 0 0 0 0 0 0 0 0 0 0 0 0 0 0 0 0 0 0 0 0
0 0 0 0 0 0 0 0 0 0 0 0 0 0 0 0 0 0 0 0 0 0 0 0
##$SHL_GCOCOEFFS5= (0..59)
0 0 0 0 0 0 0 0 0 0 0 0 0 0 0 0 0 0 0 0 0 0 0 0 0 0 0 0 0 0 0 0 0 0 0 0
0 0 0 0 0 0 0 0 0 0 0 0 0 0 0 0 0 0 0 0 0 0 0 0
##$SHL_GCOCOEFFS6= (0..59)
0 0 0 0 0 0 0 0 0 0 0 0 0 0 0 0 0 0 0 0 0 0 0 0 0 0 0 0 0 0 0 0 0 0 0 0
0 0 0 0 0 0 0 0 0 0 0 0 0 0 0 0 0 0 0 0 0 0 0 0
##$SHL_GCOCOEFFS7= (0..59)
0 0 0 0 0 0 0 0 0 0 0 0 0 0 0 0 0 0 0 0 0 0 0 0 0 0 0 0 0 0 0 0 0 0 0 0
0 0 0 0 0 0 0 0 0 0 0 0 0 0 0 0 0 0 0 0 0 0 0 0
##$SHL_GCOCOEFFS8= (0..59)
0 0 0 0 0 0 0 0 0 0 0 0 0 0 0 0 0 0 0 0 0 0 0 0 0 0 0 0 0 0 0 0 0 0 0 0
0 0 0 0 0 0 0 0 0 0 0 0 0 0 0 0 0 0 0 0 0 0 0 0
##$SHL_GCOCOEFFS9= (0..59)
0 0 0 0 0 0 0 0 0 0 0 0 0 0 0 0 0 0 0 0 0 0 0 0 0 0 0 0 0 0 0 0 0 0 0 0
0 0 0 0 0 0 0 0 0 0 0 0 0 0 0 0 0 0 0 0 0 0 0 0
##$SHL_INTEGFAC= (0..15)
0.21033013 0 0 0 0 0 0 0 0 0 0 0 0 0 0 0
##$SHL_LB= (0..15)
0 0 0 0 0 0 0 0 0 0 0 0 0 0 0 0
##$SHL_LEFTLIMIT= (0..15)
0 0 0 0 0 0 0 0 0 0 0 0 0 0 0 0
##$SHL_LENGTH= (0..15)
777.8 0 0 0 0 0 0 0 0 0 0 0 0 0 0 0
##$SHL_MAN= (0..15)
<> <> <> <> <> <> <> <> <> <> <> <> <> <> <> <>
##$SHL_MEANAMP= (0..15)
0 0 0 0 0 0 0 0 0 0 0 0 0 0 0 0
##$SHL_MODAMP= (0..15)
0 0 0 0 0 0 0 0 0 0 0 0 0 0 0 0
##$SHL_MODE= (0..15)
0 0 0 0 0 0 0 0 0 0 0 0 0 0 0 0
##$SHL_MODFREQ= (0..15)
0 0 0 0 0 0 0 0 0 0 0 0 0 0 0 0
##$SHL_MODPHASE= (0..15)
0 0 0 0 0 0 0 0 0 0 0 0 0 0 0 0
##$SHL_MODSCALE= (0..15)
0 0 0 0 0 0 0 0 0 0 0 0 0 0 0 0
##$SHL_MODSW= (0..15)
0 0 0 0 0 0 0 0 0 0 0 0 0 0 0 0
##$SHL_MODSWDIR= (0..15)
-1 -1 -1 -1 -1 -1 -1 -1 -1 -1 -1 -1 -1 -1 -1 -1
##$SHL_MU= (0..15)
0 0 0 0 0 0 0 0 0 0 0 0 0 0 0 0
##$SHL_NPOINTS= (0..15)
1000 0 0 0 0 0 0 0 0 0 0 0 0 0 0 0
##$SHL_OFFS= (0..15)
<> <> <> <> <> <> <> <> <> <> <> <> <> <> <> <>
##$SHL_OFFSCOEFF0= (0..95)
0 0 0 0 0 0 0 0 0 0 0 0 0 0 0 0 0 0 0 0 0 0 0 0 0 0 0 0 0 0 0 0 0 0 0 0
0 0 0 0 0 0 0 0 0 0 0 0 0 0 0 0 0 0 0 0 0 0 0 0 0 0 0 0 0 0 0 0 0 0 0 0
0 0 0 0 0 0 0 0 0 0 0 0 0 0 0 0 0 0 0 0 0 0 0 0
##$SHL_OFFSCOEFF1= (0..95)
0 0 0 0 0 0 0 0 0 0 0 0 0 0 0 0 0 0 0 0 0 0 0 0 0 0 0 0 0 0 0 0 0 0 0 0
0 0 0 0 0 0 0 0 0 0 0 0 0 0 0 0 0 0 0 0 0 0 0 0 0 0 0 0 0 0 0 0 0 0 0 0
0 0 0 0 0 0 0 0 0 0 0 0 0 0 0 0 0 0 0 0 0 0 0 0
##$SHL_OFFSCOEFF10= (0..95)
0 0 0 0 0 0 0 0 0 0 0 0 0 0 0 0 0 0 0 0 0 0 0 0 0 0 0 0 0 0 0 0 0 0 0 0
0 0 0 0 0 0 0 0 0 0 0 0 0 0 0 0 0 0 0 0 0 0 0 0 0 0 0 0 0 0 0 0 0 0 0 0
0 0 0 0 0 0 0 0 0 0 0 0 0 0 0 0 0 0 0 0 0 0 0 0
##$SHL_OFFSCOEFF11= (0..95)
0 0 0 0 0 0 0 0 0 0 0 0 0 0 0 0 0 0 0 0 0 0 0 0 0 0 0 0 0 0 0 0 0 0 0 0
0 0 0 0 0 0 0 0 0 0 0 0 0 0 0 0 0 0 0 0 0 0 0 0 0 0 0 0 0 0 0 0 0 0 0 0
0 0 0 0 0 0 0 0 0 0 0 0 0 0 0 0 0 0 0 0 0 0 0 0
##$SHL_OFFSCOEFF12= (0..95)
0 0 0 0 0 0 0 0 0 0 0 0 0 0 0 0 0 0 0 0 0 0 0 0 0 0 0 0 0 0 0 0 0 0 0 0
0 0 0 0 0 0 0 0 0 0 0 0 0 0 0 0 0 0 0 0 0 0 0 0 0 0 0 0 0 0 0 0 0 0 0 0
0 0 0 0 0 0 0 0 0 0 0 0 0 0 0 0 0 0 0 0 0 0 0 0
##$SHL_OFFSCOEFF13= (0..95)
0 0 0 0 0 0 0 0 0 0 0 0 0 0 0 0 0 0 0 0 0 0 0 0 0 0 0 0 0 0 0 0 0 0 0 0
0 0 0 0 0 0 0 0 0 0 0 0 0 0 0 0 0 0 0 0 0 0 0 0 0 0 0 0 0 0 0 0 0 0 0 0
0 0 0 0 0 0 0 0 0 0 0 0 0 0 0 0 0 0 0 0 0 0 0 0
##$SHL_OFFSCOEFF14= (0..95)
0 0 0 0 0 0 0 0 0 0 0 0 0 0 0 0 0 0 0 0 0 0 0 0 0 0 0 0 0 0 0 0 0 0 0 0
0 0 0 0 0 0 0 0 0 0 0 0 0 0 0 0 0 0 0 0 0 0 0 0 0 0 0 0 0 0 0 0 0 0 0 0
0 0 0 0 0 0 0 0 0 0 0 0 0 0 0 0 0 0 0 0 0 0 0 0
##$SHL_OFFSCOEFF15= (0..95)
0 0 0 0 0 0 0 0 0 0 0 0 0 0 0 0 0 0 0 0 0 0 0 0 0 0 0 0 0 0 0 0 0 0 0 0
0 0 0 0 0 0 0 0 0 0 0 0 0 0 0 0 0 0 0 0 0 0 0 0 0 0 0 0 0 0 0 0 0 0 0 0
0 0 0 0 0 0 0 0 0 0 0 0 0 0 0 0 0 0 0 0 0 0 0 0
##$SHL_OFFSCOEFF2= (0..95)
0 0 0 0 0 0 0 0 0 0 0 0 0 0 0 0 0 0 0 0 0 0 0 0 0 0 0 0 0 0 0 0 0 0 0 0
0 0 0 0 0 0 0 0 0 0 0 0 0 0 0 0 0 0 0 0 0 0 0 0 0 0 0 0 0 0 0 0 0 0 0 0
0 0 0 0 0 0 0 0 0 0 0 0 0 0 0 0 0 0 0 0 0 0 0 0
##$SHL_OFFSCOEFF3= (0..95)
0 0 0 0 0 0 0 0 0 0 0 0 0 0 0 0 0 0 0 0 0 0 0 0 0 0 0 0 0 0 0 0 0 0 0 0
0 0 0 0 0 0 0 0 0 0 0 0 0 0 0 0 0 0 0 0 0 0 0 0 0 0 0 0 0 0 0 0 0 0 0 0
0 0 0 0 0 0 0 0 0 0 0 0 0 0 0 0 0 0 0 0 0 0 0 0
##$SHL_OFFSCOEFF4= (0..95)
0 0 0 0 0 0 0 0 0 0 0 0 0 0 0 0 0 0 0 0 0 0 0 0 0 0 0 0 0 0 0 0 0 0 0 0
0 0 0 0 0 0 0 0 0 0 0 0 0 0 0 0 0 0 0 0 0 0 0 0 0 0 0 0 0 0 0 0 0 0 0 0
0 0 0 0 0 0 0 0 0 0 0 0 0 0 0 0 0 0 0 0 0 0 0 0
##$SHL_OFFSCOEFF5= (0..95)
0 0 0 0 0 0 0 0 0 0 0 0 0 0 0 0 0 0 0 0 0 0 0 0 0 0 0 0 0 0 0 0 0 0 0 0
0 0 0 0 0 0 0 0 0 0 0 0 0 0 0 0 0 0 0 0 0 0 0 0 0 0 0 0 0 0 0 0 0 0 0 0
0 0 0 0 0 0 0 0 0 0 0 0 0 0 0 0 0 0 0 0 0 0 0 0
##$SHL_OFFSCOEFF6= (0..95)
0 0 0 0 0 0 0 0 0 0 0 0 0 0 0 0 0 0 0 0 0 0 0 0 0 0 0 0 0 0 0 0 0 0 0 0
0 0 0 0 0 0 0 0 0 0 0 0 0 0 0 0 0 0 0 0 0 0 0 0 0 0 0 0 0 0 0 0 0 0 0 0
0 0 0 0 0 0 0 0 0 0 0 0 0 0 0 0 0 0 0 0 0 0 0 0
##$SHL_OFFSCOEFF7= (0..95)
0 0 0 0 0 0 0 0 0 0 0 0 0 0 0 0 0 0 0 0 0 0 0 0 0 0 0 0 0 0 0 0 0 0 0 0
0 0 0 0 0 0 0 0 0 0 0 0 0 0 0 0 0 0 0 0 0 0 0 0 0 0 0 0 0 0 0 0 0 0 0 0
0 0 0 0 0 0 0 0 0 0 0 0 0 0 0 0 0 0 0 0 0 0 0 0
##$SHL_OFFSCOEFF8= (0..95)
0 0 0 0 0 0 0 0 0 0 0 0 0 0 0 0 0 0 0 0 0 0 0 0 0 0 0 0 0 0 0 0 0 0 0 0
0 0 0 0 0 0 0 0 0 0 0 0 0 0 0 0 0 0 0 0 0 0 0 0 0 0 0 0 0 0 0 0 0 0 0 0
0 0 0 0 0 0 0 0 0 0 0 0 0 0 0 0 0 0 0 0 0 0 0 0
##$SHL_OFFSCOEFF9= (0..95)
0 0 0 0 0 0 0 0 0 0 0 0 0 0 0 0 0 0 0 0 0 0 0 0 0 0 0 0 0 0 0 0 0 0 0 0
0 0 0 0 0 0 0 0 0 0 0 0 0 0 0 0 0 0 0 0 0 0 0 0 0 0 0 0 0 0 0 0 0 0 0 0
0 0 0 0 0 0 0 0 0 0 0 0 0 0 0 0 0 0 0 0 0 0 0 0
##$SHL_PHASE= (0..15)
0 0 0 0 0 0 0 0 0 0 0 0 0 0 0 0
##$SHL_PHASEFAC= (0..15)
0 0 0 0 0 0 0 0 0 0 0 0 0 0 0 0
##$SHL_POWERINDEX= (0..15)
0 0 0 0 0 0 0 0 0 0 0 0 0 0 0 0
##$SHL_QUADCOEFF= (0..15)
0.805 0 0 0 0 0 0 0 0 0 0 0 0 0 0 0
##$SHL_RIGHTLIMIT= (0..15)
0 0 0 0 0 0 0 0 0 0 0 0 0 0 0 0
##$SHL_SCALEFACTOR= (0..15)
1 1 1 1 1 1 1 1 1 1 1 1 1 1 1 1
##$SHL_SF= (0..15)
<> <> <> <> <> <> <> <> <> <> <> <> <> <> <> <>
##$SHL_SFCOEFFS0= (0..200)
0 0 0 0 0 0 0 0 0 0 0 0 0 0 0 0 0 0 0 0 0 0 0 0 0 0 0 0 0 0 0 0 0 0 0 0
0 0 0 0 0 0 0 0 0 0 0 0 0 0 0 0 0 0 0 0 0 0 0 0 0 0 0 0 0 0 0 0 0 0 0 0
0 0 0 0 0 0 0 0 0 0 0 0 0 0 0 0 0 0 0 0 0 0 0 0 0 0 0 0 0 0 0 0 0 0 0 0
0 0 0 0 0 0 0 0 0 0 0 0 0 0 0 0 0 0 0 0 0 0 0 0 0 0 0 0 0 0 0 0 0 0 0 0
0 0 0 0 0 0 0 0 0 0 0 0 0 0 0 0 0 0 0 0 0 0 0 0 0 0 0 0 0 0 0 0 0 0 0 0
0 0 0 0 0 0 0 0 0 0 0 0 0 0 0 0 0 0 0 0 0
##$SHL_SFCOEFFS1= (0..200)
0 0 0 0 0 0 0 0 0 0 0 0 0 0 0 0 0 0 0 0 0 0 0 0 0 0 0 0 0 0 0 0 0 0 0 0
0 0 0 0 0 0 0 0 0 0 0 0 0 0 0 0 0 0 0 0 0 0 0 0 0 0 0 0 0 0 0 0 0 0 0 0
0 0 0 0 0 0 0 0 0 0 0 0 0 0 0 0 0 0 0 0 0 0 0 0 0 0 0 0 0 0 0 0 0 0 0 0
0 0 0 0 0 0 0 0 0 0 0 0 0 0 0 0 0 0 0 0 0 0 0 0 0 0 0 0 0 0 0 0 0 0 0 0
0 0 0 0 0 0 0 0 0 0 0 0 0 0 0 0 0 0 0 0 0 0 0 0 0 0 0 0 0 0 0 0 0 0 0 0
0 0 0 0 0 0 0 0 0 0 0 0 0 0 0 0 0 0 0 0 0
##$SHL_SFCOEFFS10= (0..200)
0 0 0 0 0 0 0 0 0 0 0 0 0 0 0 0 0 0 0 0 0 0 0 0 0 0 0 0 0 0 0 0 0 0 0 0
0 0 0 0 0 0 0 0 0 0 0 0 0 0 0 0 0 0 0 0 0 0 0 0 0 0 0 0 0 0 0 0 0 0 0 0
0 0 0 0 0 0 0 0 0 0 0 0 0 0 0 0 0 0 0 0 0 0 0 0 0 0 0 0 0 0 0 0 0 0 0 0
0 0 0 0 0 0 0 0 0 0 0 0 0 0 0 0 0 0 0 0 0 0 0 0 0 0 0 0 0 0 0 0 0 0 0 0
0 0 0 0 0 0 0 0 0 0 0 0 0 0 0 0 0 0 0 0 0 0 0 0 0 0 0 0 0 0 0 0 0 0 0 0
0 0 0 0 0 0 0 0 0 0 0 0 0 0 0 0 0 0 0 0 0
##$SHL_SFCOEFFS11= (0..200)
0 0 0 0 0 0 0 0 0 0 0 0 0 0 0 0 0 0 0 0 0 0 0 0 0 0 0 0 0 0 0 0 0 0 0 0
0 0 0 0 0 0 0 0 0 0 0 0 0 0 0 0 0 0 0 0 0 0 0 0 0 0 0 0 0 0 0 0 0 0 0 0
0 0 0 0 0 0 0 0 0 0 0 0 0 0 0 0 0 0 0 0 0 0 0 0 0 0 0 0 0 0 0 0 0 0 0 0
0 0 0 0 0 0 0 0 0 0 0 0 0 0 0 0 0 0 0 0 0 0 0 0 0 0 0 0 0 0 0 0 0 0 0 0
0 0 0 0 0 0 0 0 0 0 0 0 0 0 0 0 0 0 0 0 0 0 0 0 0 0 0 0 0 0 0 0 0 0 0 0
0 0 0 0 0 0 0 0 0 0 0 0 0 0 0 0 0 0 0 0 0
##$SHL_SFCOEFFS12= (0..200)
0 0 0 0 0 0 0 0 0 0 0 0 0 0 0 0 0 0 0 0 0 0 0 0 0 0 0 0 0 0 0 0 0 0 0 0
0 0 0 0 0 0 0 0 0 0 0 0 0 0 0 0 0 0 0 0 0 0 0 0 0 0 0 0 0 0 0 0 0 0 0 0
0 0 0 0 0 0 0 0 0 0 0 0 0 0 0 0 0 0 0 0 0 0 0 0 0 0 0 0 0 0 0 0 0 0 0 0
0 0 0 0 0 0 0 0 0 0 0 0 0 0 0 0 0 0 0 0 0 0 0 0 0 0 0 0 0 0 0 0 0 0 0 0
0 0 0 0 0 0 0 0 0 0 0 0 0 0 0 0 0 0 0 0 0 0 0 0 0 0 0 0 0 0 0 0 0 0 0 0
0 0 0 0 0 0 0 0 0 0 0 0 0 0 0 0 0 0 0 0 0
##$SHL_SFCOEFFS13= (0..200)
0 0 0 0 0 0 0 0 0 0 0 0 0 0 0 0 0 0 0 0 0 0 0 0 0 0 0 0 0 0 0 0 0 0 0 0
0 0 0 0 0 0 0 0 0 0 0 0 0 0 0 0 0 0 0 0 0 0 0 0 0 0 0 0 0 0 0 0 0 0 0 0
0 0 0 0 0 0 0 0 0 0 0 0 0 0 0 0 0 0 0 0 0 0 0 0 0 0 0 0 0 0 0 0 0 0 0 0
0 0 0 0 0 0 0 0 0 0 0 0 0 0 0 0 0 0 0 0 0 0 0 0 0 0 0 0 0 0 0 0 0 0 0 0
0 0 0 0 0 0 0 0 0 0 0 0 0 0 0 0 0 0 0 0 0 0 0 0 0 0 0 0 0 0 0 0 0 0 0 0
0 0 0 0 0 0 0 0 0 0 0 0 0 0 0 0 0 0 0 0 0
##$SHL_SFCOEFFS14= (0..200)
0 0 0 0 0 0 0 0 0 0 0 0 0 0 0 0 0 0 0 0 0 0 0 0 0 0 0 0 0 0 0 0 0 0 0 0
0 0 0 0 0 0 0 0 0 0 0 0 0 0 0 0 0 0 0 0 0 0 0 0 0 0 0 0 0 0 0 0 0 0 0 0
0 0 0 0 0 0 0 0 0 0 0 0 0 0 0 0 0 0 0 0 0 0 0 0 0 0 0 0 0 0 0 0 0 0 0 0
0 0 0 0 0 0 0 0 0 0 0 0 0 0 0 0 0 0 0 0 0 0 0 0 0 0 0 0 0 0 0 0 0 0 0 0
0 0 0 0 0 0 0 0 0 0 0 0 0 0 0 0 0 0 0 0 0 0 0 0 0 0 0 0 0 0 0 0 0 0 0 0
0 0 0 0 0 0 0 0 0 0 0 0 0 0 0 0 0 0 0 0 0
##$SHL_SFCOEFFS15= (0..200)
0 0 0 0 0 0 0 0 0 0 0 0 0 0 0 0 0 0 0 0 0 0 0 0 0 0 0 0 0 0 0 0 0 0 0 0
0 0 0 0 0 0 0 0 0 0 0 0 0 0 0 0 0 0 0 0 0 0 0 0 0 0 0 0 0 0 0 0 0 0 0 0
0 0 0 0 0 0 0 0 0 0 0 0 0 0 0 0 0 0 0 0 0 0 0 0 0 0 0 0 0 0 0 0 0 0 0 0
0 0 0 0 0 0 0 0 0 0 0 0 0 0 0 0 0 0 0 0 0 0 0 0 0 0 0 0 0 0 0 0 0 0 0 0
0 0 0 0 0 0 0 0 0 0 0 0 0 0 0 0 0 0 0 0 0 0 0 0 0 0 0 0 0 0 0 0 0 0 0 0
0 0 0 0 0 0 0 0 0 0 0 0 0 0 0 0 0 0 0 0 0
##$SHL_SFCOEFFS2= (0..200)
0 0 0 0 0 0 0 0 0 0 0 0 0 0 0 0 0 0 0 0 0 0 0 0 0 0 0 0 0 0 0 0 0 0 0 0
0 0 0 0 0 0 0 0 0 0 0 0 0 0 0 0 0 0 0 0 0 0 0 0 0 0 0 0 0 0 0 0 0 0 0 0
0 0 0 0 0 0 0 0 0 0 0 0 0 0 0 0 0 0 0 0 0 0 0 0 0 0 0 0 0 0 0 0 0 0 0 0
0 0 0 0 0 0 0 0 0 0 0 0 0 0 0 0 0 0 0 0 0 0 0 0 0 0 0 0 0 0 0 0 0 0 0 0
0 0 0 0 0 0 0 0 0 0 0 0 0 0 0 0 0 0 0 0 0 0 0 0 0 0 0 0 0 0 0 0 0 0 0 0
0 0 0 0 0 0 0 0 0 0 0 0 0 0 0 0 0 0 0 0 0
##$SHL_SFCOEFFS3= (0..200)
0 0 0 0 0 0 0 0 0 0 0 0 0 0 0 0 0 0 0 0 0 0 0 0 0 0 0 0 0 0 0 0 0 0 0 0
0 0 0 0 0 0 0 0 0 0 0 0 0 0 0 0 0 0 0 0 0 0 0 0 0 0 0 0 0 0 0 0 0 0 0 0
0 0 0 0 0 0 0 0 0 0 0 0 0 0 0 0 0 0 0 0 0 0 0 0 0 0 0 0 0 0 0 0 0 0 0 0
0 0 0 0 0 0 0 0 0 0 0 0 0 0 0 0 0 0 0 0 0 0 0 0 0 0 0 0 0 0 0 0 0 0 0 0
0 0 0 0 0 0 0 0 0 0 0 0 0 0 0 0 0 0 0 0 0 0 0 0 0 0 0 0 0 0 0 0 0 0 0 0
0 0 0 0 0 0 0 0 0 0 0 0 0 0 0 0 0 0 0 0 0
##$SHL_SFCOEFFS4= (0..200)
0 0 0 0 0 0 0 0 0 0 0 0 0 0 0 0 0 0 0 0 0 0 0 0 0 0 0 0 0 0 0 0 0 0 0 0
0 0 0 0 0 0 0 0 0 0 0 0 0 0 0 0 0 0 0 0 0 0 0 0 0 0 0 0 0 0 0 0 0 0 0 0
0 0 0 0 0 0 0 0 0 0 0 0 0 0 0 0 0 0 0 0 0 0 0 0 0 0 0 0 0 0 0 0 0 0 0 0
0 0 0 0 0 0 0 0 0 0 0 0 0 0 0 0 0 0 0 0 0 0 0 0 0 0 0 0 0 0 0 0 0 0 0 0
0 0 0 0 0 0 0 0 0 0 0 0 0 0 0 0 0 0 0 0 0 0 0 0 0 0 0 0 0 0 0 0 0 0 0 0
0 0 0 0 0 0 0 0 0 0 0 0 0 0 0 0 0 0 0 0 0
##$SHL_SFCOEFFS5= (0..200)
0 0 0 0 0 0 0 0 0 0 0 0 0 0 0 0 0 0 0 0 0 0 0 0 0 0 0 0 0 0 0 0 0 0 0 0
0 0 0 0 0 0 0 0 0 0 0 0 0 0 0 0 0 0 0 0 0 0 0 0 0 0 0 0 0 0 0 0 0 0 0 0
0 0 0 0 0 0 0 0 0 0 0 0 0 0 0 0 0 0 0 0 0 0 0 0 0 0 0 0 0 0 0 0 0 0 0 0
0 0 0 0 0 0 0 0 0 0 0 0 0 0 0 0 0 0 0 0 0 0 0 0 0 0 0 0 0 0 0 0 0 0 0 0
0 0 0 0 0 0 0 0 0 0 0 0 0 0 0 0 0 0 0 0 0 0 0 0 0 0 0 0 0 0 0 0 0 0 0 0
0 0 0 0 0 0 0 0 0 0 0 0 0 0 0 0 0 0 0 0 0
##$SHL_SFCOEFFS6= (0..200)
0 0 0 0 0 0 0 0 0 0 0 0 0 0 0 0 0 0 0 0 0 0 0 0 0 0 0 0 0 0 0 0 0 0 0 0
0 0 0 0 0 0 0 0 0 0 0 0 0 0 0 0 0 0 0 0 0 0 0 0 0 0 0 0 0 0 0 0 0 0 0 0
0 0 0 0 0 0 0 0 0 0 0 0 0 0 0 0 0 0 0 0 0 0 0 0 0 0 0 0 0 0 0 0 0 0 0 0
0 0 0 0 0 0 0 0 0 0 0 0 0 0 0 0 0 0 0 0 0 0 0 0 0 0 0 0 0 0 0 0 0 0 0 0
0 0 0 0 0 0 0 0 0 0 0 0 0 0 0 0 0 0 0 0 0 0 0 0 0 0 0 0 0 0 0 0 0 0 0 0
0 0 0 0 0 0 0 0 0 0 0 0 0 0 0 0 0 0 0 0 0
##$SHL_SFCOEFFS7= (0..200)
0 0 0 0 0 0 0 0 0 0 0 0 0 0 0 0 0 0 0 0 0 0 0 0 0 0 0 0 0 0 0 0 0 0 0 0
0 0 0 0 0 0 0 0 0 0 0 0 0 0 0 0 0 0 0 0 0 0 0 0 0 0 0 0 0 0 0 0 0 0 0 0
0 0 0 0 0 0 0 0 0 0 0 0 0 0 0 0 0 0 0 0 0 0 0 0 0 0 0 0 0 0 0 0 0 0 0 0
0 0 0 0 0 0 0 0 0 0 0 0 0 0 0 0 0 0 0 0 0 0 0 0 0 0 0 0 0 0 0 0 0 0 0 0
0 0 0 0 0 0 0 0 0 0 0 0 0 0 0 0 0 0 0 0 0 0 0 0 0 0 0 0 0 0 0 0 0 0 0 0
0 0 0 0 0 0 0 0 0 0 0 0 0 0 0 0 0 0 0 0 0
##$SHL_SFCOEFFS8= (0..200)
0 0 0 0 0 0 0 0 0 0 0 0 0 0 0 0 0 0 0 0 0 0 0 0 0 0 0 0 0 0 0 0 0 0 0 0
0 0 0 0 0 0 0 0 0 0 0 0 0 0 0 0 0 0 0 0 0 0 0 0 0 0 0 0 0 0 0 0 0 0 0 0
0 0 0 0 0 0 0 0 0 0 0 0 0 0 0 0 0 0 0 0 0 0 0 0 0 0 0 0 0 0 0 0 0 0 0 0
0 0 0 0 0 0 0 0 0 0 0 0 0 0 0 0 0 0 0 0 0 0 0 0 0 0 0 0 0 0 0 0 0 0 0 0
0 0 0 0 0 0 0 0 0 0 0 0 0 0 0 0 0 0 0 0 0 0 0 0 0 0 0 0 0 0 0 0 0 0 0 0
0 0 0 0 0 0 0 0 0 0 0 0 0 0 0 0 0 0 0 0 0
##$SHL_SFCOEFFS9= (0..200)
0 0 0 0 0 0 0 0 0 0 0 0 0 0 0 0 0 0 0 0 0 0 0 0 0 0 0 0 0 0 0 0 0 0 0 0
0 0 0 0 0 0 0 0 0 0 0 0 0 0 0 0 0 0 0 0 0 0 0 0 0 0 0 0 0 0 0 0 0 0 0 0
0 0 0 0 0 0 0 0 0 0 0 0 0 0 0 0 0 0 0 0 0 0 0 0 0 0 0 0 0 0 0 0 0 0 0 0
0 0 0 0 0 0 0 0 0 0 0 0 0 0 0 0 0 0 0 0 0 0 0 0 0 0 0 0 0 0 0 0 0 0 0 0
0 0 0 0 0 0 0 0 0 0 0 0 0 0 0 0 0 0 0 0 0 0 0 0 0 0 0 0 0 0 0 0 0 0 0 0
0 0 0 0 0 0 0 0 0 0 0 0 0 0 0 0 0 0 0 0 0
##$SHL_SMOOTHED= (0..15)
0 0 0 0 0 0 0 0 0 0 0 0 0 0 0 0
##$SHL_SMOOTHING= (0..15)
0 0 0 0 0 0 0 0 0 0 0 0 0 0 0 0
##$SHL_SPOAL= (0..15)
0 0 0 0 0 0 0 0 0 0 0 0 0 0 0 0
##$SHL_SPOFFS= (0..15)
0 0 0 0 0 0 0 0 0 0 0 0 0 0 0 0
##$SHL_SPOPH= (0..15)
0 0 0 0 0 0 0 0 0 0 0 0 0 0 0 0
##$SHL_STARTAMP= (0..15)
0 0 0 0 0 0 0 0 0 0 0 0 0 0 0 0
##$SHL_SW= (0..15)
0 0 0 0 0 0 0 0 0 0 0 0 0 0 0 0
##$SHL_SWDIR= (0..15)
-1 -1 -1 -1 -1 -1 -1 -1 -1 -1 -1 -1 -1 -1 -1 -1
##$SHL_TANKAPPA= (0..15)
0 0 0 0 0 0 0 0 0 0 0 0 0 0 0 0
##$SHL_TOTROT= (0..15)
90 0 0 0 0 0 0 0 0 0 0 0 0 0 0 0
##$SHL_TRUNCLEV= (0..15)
0.55 0 0 0 0 0 0 0 0 0 0 0 0 0 0 0
##$SHL_TYPE= (0..15)
<Excitation> <> <> <> <> <> <> <> <> <> <> <> <> <> <> <>
##$SHL_WINDOWSIZE= (0..15)
0 0 0 0 0 0 0 0 0 0 0 0 0 0 0 0
##$SHL_ZETA= (0..15)
0 0 0 0 0 0 0 0 0 0 0 0 0 0 0 0
##NPOINTS= 1000
##XYPOINTS= (XY..XY)
0.711022, 180.000000
0.725725, 180.000000
0.740683, 180.000000
0.755899, 180.000000
0.771377, 180.000000
0.787119, 180.000000
0.803130, 180.000000
0.819412, 180.000000
0.835969, 180.000000
0.852803, 180.000000
0.869918, 180.000000
0.887317, 180.000000
0.905004, 180.000000
0.922981, 180.000000
0.941253, 180.000000
0.959821, 180.000000
0.978690, 180.000000
0.997863, 180.000000
1.017342, 180.000000
1.037131, 180.000000
1.057233, 180.000000
1.077652, 180.000000
1.098390, 180.000000
1.119451, 180.000000
1.140838, 180.000000
1.162554, 180.000000
1.184602, 180.000000
1.206986, 180.000000
1.229707, 180.000000
1.252770, 180.000000
1.276177, 180.000000
1.299931, 180.000000
1.324036, 180.000000
1.348494, 180.000000
1.373308, 180.000000
1.398481, 180.000000
1.424015, 180.000000
1.449915, 180.000000
1.476181, 180.000000
1.502818, 180.000000
1.529828, 180.000000
1.557212, 180.000000
1.584975, 180.000000
1.613118, 180.000000
1.641644, 180.000000
1.670555, 180.000000
1.699854, 180.000000
1.729543, 180.000000
1.759624, 180.000000
1.790099, 180.000000
1.820971, 180.000000
1.852241, 180.000000
1.883911, 180.000000
1.915984, 180.000000
1.948460, 180.000000
1.981343, 180.000000
2.014633, 180.000000
2.048331, 180.000000
2.082441, 180.000000
2.116962, 180.000000
2.151896, 180.000000
2.187244, 180.000000
2.223007, 180.000000
2.259187, 180.000000
2.295784, 180.000000
2.332798, 180.000000
2.370232, 180.000000
2.408084, 180.000000
2.446356, 180.000000
2.485047, 180.000000
2.524158, 180.000000
2.563690, 180.000000
2.603641, 180.000000
2.644011, 180.000000
2.684801, 180.000000
2.726010, 180.000000
2.767636, 180.000000
2.809680, 180.000000
2.852141, 180.000000
2.895016, 180.000000
2.938305, 180.000000
2.982007, 180.000000
3.026119, 180.000000
3.070641, 180.000000
3.115570, 180.000000
3.160904, 180.000000
3.206641, 180.000000
3.252778, 180.000000
3.299312, 180.000000
3.346241, 180.000000
3.393562, 180.000000
3.441272, 180.000000
3.489366, 180.000000
3.537842, 180.000000
3.586695, 180.000000
3.635922, 180.000000
3.685518, 180.000000
3.735478, 180.000000
3.785798, 180.000000
3.836473, 180.000000
3.887498, 180.000000
3.938867, 180.000000
3.990575, 180.000000
4.042615, 180.000000
4.094982, 180.000000
4.147669, 180.000000
4.200669, 180.000000
4.253976, 180.000000
4.307582, 180.000000
4.361480, 180.000000
4.415663, 180.000000
4.470121, 180.000000
4.524847, 180.000000
4.579833, 180.000000
4.635069, 180.000000
4.690547, 180.000000
4.746257, 180.000000
4.802189, 180.000000
4.858334, 180.000000
4.914680, 180.000000
4.971219, 180.000000
5.027937, 180.000000
5.084825, 180.000000
5.141871, 180.000000
5.199063, 180.000000
5.256389, 180.000000
5.313836, 180.000000
5.371392, 180.000000
5.429043, 180.000000
5.486776, 180.000000
5.544577, 180.000000
5.602432, 180.000000
5.660327, 180.000000
5.718246, 180.000000
5.776175, 180.000000
5.834098, 180.000000
5.891999, 180.000000
5.949862, 180.000000
6.007670, 180.000000
6.065407, 180.000000
6.123055, 180.000000
6.180596, 180.000000
6.238012, 180.000000
6.295286, 180.000000
6.352397, 180.000000
6.409328, 180.000000
6.466059, 180.000000
6.522569, 180.000000
6.578839, 180.000000
6.634847, 180.000000
6.690573, 180.000000
6.745996, 180.000000
6.801094, 180.000000
6.855844, 180.000000
6.910224, 180.000000
6.964211, 180.000000
7.017783, 180.000000
7.070914, 180.000000
7.123582, 180.000000
7.175761, 180.000000
7.227427, 180.000000
7.278555, 180.000000
7.329119, 180.000000
7.379093, 180.000000
7.428451, 180.000000
7.477166, 180.000000
7.525211, 180.000000
7.572559, 180.000000
7.619181, 180.000000
7.665050, 180.000000
7.710136, 180.000000
7.754411, 180.000000
7.797846, 180.000000
7.840410, 180.000000
7.882074, 180.000000
7.922807, 180.000000
7.962578, 180.000000
8.001357, 180.000000
8.039111, 180.000000
8.075809, 180.000000
8.111418, 180.000000
8.145906, 180.000000
8.179240, 180.000000
8.211386, 180.000000
8.242312, 180.000000
8.271982, 180.000000
8.300363, 180.000000
8.327421, 180.000000
8.353119, 180.000000
8.377423, 180.000000
8.400298, 180.000000
8.421708, 180.000000
8.441615, 180.000000
8.459985, 180.000000
8.476779, 180.000000
8.491962, 180.000000
8.505496, 180.000000
8.517343, 180.000000
8.527465, 180.000000
8.535825, 180.000000
8.542383, 180.000000
8.547103, 180.000000
8.549943, 180.000000
8.550866, 180.000000
8.549833, 180.000000
8.546803, 180.000000
8.541737, 180.000000
8.534596, 180.000000
8.525338, 180.000000
8.513925, 180.000000
8.500315, 180.000000
8.484468, 180.000000
8.466344, 180.000000
8.445900, 180.000000
8.423098, 180.000000
8.397894, 180.000000
8.370249, 180.000000
8.340120, 180.000000
8.307466, 180.000000
8.272247, 180.000000
8.234420, 180.000000
8.193943, 180.000000
8.150776, 180.000000
8.104876, 180.000000
8.056202, 180.000000
8.004711, 180.000000
7.950363, 180.000000
7.893116, 180.000000
7.832927, 180.000000
7.769756, 180.000000
7.703560, 180.000000
7.634298, 180.000000
7.561930, 180.000000
7.486412, 180.000000
7.407705, 180.000000
7.325767, 180.000000
7.240558, 180.000000
7.152035, 180.000000
7.060159, 180.000000
6.964890, 180.000000
6.866186, 180.000000
6.764008, 180.000000
6.658316, 180.000000
6.549070, 180.000000
6.436232, 180.000000
6.319761, 180.000000
6.199619, 180.000000
6.075767, 180.000000
5.948168, 180.000000
5.816783, 180.000000
5.681575, 180.000000
5.542507, 180.000000
5.399542, 180.000000
5.252643, 180.000000
5.101774, 180.000000
4.946900, 180.000000
4.787986, 180.000000
4.624996, 180.000000
4.457898, 180.000000
4.286656, 180.000000
4.111239, 180.000000
3.931612, 180.000000
3.747744, 180.000000
3.559603, 180.000000
3.367159, 180.000000
3.170381, 180.000000
2.969238, 180.000000
2.763702, 180.000000
2.553745, 180.000000
2.339337, 180.000000
2.120453, 180.000000
1.897065, 180.000000
1.669147, 180.000000
1.436675, 180.000000
1.199624, 180.000000
0.957970, 180.000000
0.711690, 180.000000
0.460763, 180.000000
0.205167, 180.000000
0.055119, 0.000000
0.320114, 0.000000
0.589837, 0.000000
0.864305, 0.000000
1.143536, 0.000000
1.427546, 0.000000
1.716351, 0.000000
2.009964, 0.000000
2.308398, 0.000000
2.611667, 0.000000
2.919782, 0.000000
3.232752, 0.000000
3.550588, 0.000000
3.873298, 0.000000
4.200889, 0.000000
4.533368, 0.000000
4.870739, 0.000000
5.213008, 0.000000
5.560176, 0.000000
5.912246, 0.000000
6.269220, 0.000000
6.631095, 0.000000
6.997872, 0.000000
7.369548, 0.000000
7.746119, 0.000000
8.127579, 0.000000
8.513924, 0.000000
8.905145, 0.000000
9.301234, 0.000000
9.702182, 0.000000
10.107977, 0.000000
10.518607, 0.000000
10.934059, 0.000000
11.354318, 0.000000
11.779368, 0.000000
12.209192, 0.000000
12.643771, 0.000000
13.083085, 0.000000
13.527114, 0.000000
13.975834, 0.000000
14.429223, 0.000000
14.887254, 0.000000
15.349901, 0.000000
15.817137, 0.000000
16.288933, 0.000000
16.765257, 0.000000
17.246079, 0.000000
17.731365, 0.000000
18.221080, 0.000000
18.715188, 0.000000
19.213653, 0.000000
19.716435, 0.000000
20.223495, 0.000000
20.734791, 0.000000
21.250280, 0.000000
21.769919, 0.000000
22.293661, 0.000000
22.821460, 0.000000
23.353268, 0.000000
23.889035, 0.000000
24.428710, 0.000000
24.972240, 0.000000
25.519572, 0.000000
26.070650, 0.000000
26.625419, 0.000000
27.183820, 0.000000
27.745795, 0.000000
28.311282, 0.000000
28.880220, 0.000000
29.452545, 0.000000
30.028194, 0.000000
30.607100, 0.000000
31.189196, 0.000000
31.774413, 0.000000
32.362682, 0.000000
32.953932, 0.000000
33.548090, 0.000000
34.145084, 0.000000
34.744837, 0.000000
35.347273, 0.000000
35.952317, 0.000000
36.559888, 0.000000
37.169907, 0.000000
37.782294, 0.000000
38.396965, 0.000000
39.013838, 0.000000
39.632829, 0.000000
40.253850, 0.000000
40.876817, 0.000000
41.501640, 0.000000
42.128232, 0.000000
42.756501, 0.000000
43.386357, 0.000000
44.017708, 0.000000
44.650461, 0.000000
45.284521, 0.000000
45.919793, 0.000000
46.556181, 0.000000
47.193589, 0.000000
47.831918, 0.000000
48.471069, 0.000000
49.110943, 0.000000
49.751439, 0.000000
50.392455, 0.000000
51.033890, 0.000000
51.675641, 0.000000
52.317603, 0.000000
52.959672, 0.000000
53.601743, 0.000000
54.243710, 0.000000
54.885467, 0.000000
55.526905, 0.000000
56.167918, 0.000000
56.808397, 0.000000
57.448233, 0.000000
58.087317, 0.000000
58.725538, 0.000000
59.362786, 0.000000
59.998950, 0.000000
60.633918, 0.000000
61.267580, 0.000000
61.899823, 0.000000
62.530534, 0.000000
63.159601, 0.000000
63.786911, 0.000000
64.412351, 0.000000
65.035806, 0.000000
65.657164, 0.000000
66.276311, 0.000000
66.893133, 0.000000
67.507516, 0.000000
68.119345, 0.000000
68.728508, 0.000000
69.334889, 0.000000
69.938376, 0.000000
70.538853, 0.000000
71.136207, 0.000000
71.730325, 0.000000
72.321092, 0.000000
72.908397, 0.000000
73.492125, 0.000000
74.072163, 0.000000
74.648400, 0.000000
75.220724, 0.000000
75.789021, 0.000000
76.353182, 0.000000
76.913094, 0.000000
77.468649, 0.000000
78.019734, 0.000000
78.566242, 0.000000
79.108063, 0.000000
79.645089, 0.000000
80.177213, 0.000000
80.704326, 0.000000
81.226324, 0.000000
81.743099, 0.000000
82.254549, 0.000000
82.760568, 0.000000
83.261053, 0.000000
83.755902, 0.000000
84.245014, 0.000000
84.728288, 0.000000
85.205624, 0.000000
85.676924, 0.000000
86.142090, 0.000000
86.601026, 0.000000
87.053635, 0.000000
87.499825, 0.000000
87.939501, 0.000000
88.372572, 0.000000
88.798946, 0.000000
89.218533, 0.000000
89.631247, 0.000000
90.036998, 0.000000
90.435702, 0.000000
90.827274, 0.000000
91.211630, 0.000000
91.588689, 0.000000
91.958371, 0.000000
92.320596, 0.000000
92.675288, 0.000000
93.022370, 0.000000
93.361767, 0.000000
93.693407, 0.000000
94.017219, 0.000000
94.333132, 0.000000
94.641079, 0.000000
94.940992, 0.000000
95.232808, 0.000000
95.516462, 0.000000
95.791893, 0.000000
96.059041, 0.000000
96.317849, 0.000000
96.568260, 0.000000
96.810219, 0.000000
97.043673, 0.000000
97.268572, 0.000000
97.484866, 0.000000
97.692509, 0.000000
97.891453, 0.000000
98.081657, 0.000000
98.263078, 0.000000
98.435676, 0.000000
98.599414, 0.000000
98.754254, 0.000000
98.900165, 0.000000
99.037112, 0.000000
99.165067, 0.000000
99.284000, 0.000000
99.393886, 0.000000
99.494700, 0.000000
99.586420, 0.000000
99.669026, 0.000000
99.742500, 0.000000
99.806825, 0.000000
99.861988, 0.000000
99.907975, 0.000000
99.944777, 0.000000
99.972385, 0.000000
99.990794, 0.000000
100.000000, 0.000000
100.000000, 0.000000
99.990794, 0.000000
99.972385, 0.000000
99.944777, 0.000000
99.907975, 0.000000
99.861988, 0.000000
99.806825, 0.000000
99.742500, 0.000000
99.669026, 0.000000
99.586420, 0.000000
99.494700, 0.000000
99.393886, 0.000000
99.284000, 0.000000
99.165067, 0.000000
99.037112, 0.000000
98.900165, 0.000000
98.754254, 0.000000
98.599414, 0.000000
98.435676, 0.000000
98.263078, 0.000000
98.081657, 0.000000
97.891453, 0.000000
97.692509, 0.000000
97.484866, 0.000000
97.268572, 0.000000
97.043673, 0.000000
96.810219, 0.000000
96.568260, 0.000000
96.317849, 0.000000
96.059041, 0.000000
95.791893, 0.000000
95.516462, 0.000000
95.232808, 0.000000
94.940992, 0.000000
94.641079, 0.000000
94.333132, 0.000000
94.017219, 0.000000
93.693407, 0.000000
93.361767, 0.000000
93.022370, 0.000000
92.675288, 0.000000
92.320596, 0.000000
91.958371, 0.000000
91.588689, 0.000000
91.211630, 0.000000
90.827274, 0.000000
90.435702, 0.000000
90.036998, 0.000000
89.631247, 0.000000
89.218533, 0.000000
88.798946, 0.000000
88.372572, 0.000000
87.939501, 0.000000
87.499825, 0.000000
87.053635, 0.000000
86.601026, 0.000000
86.142090, 0.000000
85.676924, 0.000000
85.205624, 0.000000
84.728288, 0.000000
84.245014, 0.000000
83.755902, 0.000000
83.261053, 0.000000
82.760568, 0.000000
82.254549, 0.000000
81.743099, 0.000000
81.226324, 0.000000
80.704326, 0.000000
80.177213, 0.000000
79.645089, 0.000000
79.108063, 0.000000
78.566242, 0.000000
78.019734, 0.000000
77.468649, 0.000000
76.913094, 0.000000
76.353182, 0.000000
75.789021, 0.000000
75.220724, 0.000000
74.648400, 0.000000
74.072163, 0.000000
73.492125, 0.000000
72.908397, 0.000000
72.321092, 0.000000
71.730325, 0.000000
71.136207, 0.000000
70.538853, 0.000000
69.938376, 0.000000
69.334889, 0.000000
68.728508, 0.000000
68.119345, 0.000000
67.507516, 0.000000
66.893133, 0.000000
66.276311, 0.000000
65.657164, 0.000000
65.035806, 0.000000
64.412351, 0.000000
63.786911, 0.000000
63.159601, 0.000000
62.530534, 0.000000
61.899823, 0.000000
61.267580, 0.000000
60.633918, 0.000000
59.998950, 0.000000
59.362786, 0.000000
58.725538, 0.000000
58.087317, 0.000000
57.448233, 0.000000
56.808397, 0.000000
56.167918, 0.000000
55.526905, 0.000000
54.885467, 0.000000
54.243710, 0.000000
53.601743, 0.000000
52.959672, 0.000000
52.317603, 0.000000
51.675641, 0.000000
51.033890, 0.000000
50.392455, 0.000000
49.751439, 0.000000
49.110943, 0.000000
48.471069, 0.000000
47.831918, 0.000000
47.193589, 0.000000
46.556181, 0.000000
45.919793, 0.000000
45.284521, 0.000000
44.650461, 0.000000
44.017708, 0.000000
43.386357, 0.000000
42.756501, 0.000000
42.128232, 0.000000
41.501640, 0.000000
40.876817, 0.000000
40.253850, 0.000000
39.632829, 0.000000
39.013838, 0.000000
38.396965, 0.000000
37.782294, 0.000000
37.169907, 0.000000
36.559888, 0.000000
35.952317, 0.000000
35.347273, 0.000000
34.744837, 0.000000
34.145084, 0.000000
33.548090, 0.000000
32.953932, 0.000000
32.362682, 0.000000
31.774413, 0.000000
31.189196, 0.000000
30.607100, 0.000000
30.028194, 0.000000
29.452545, 0.000000
28.880220, 0.000000
28.311282, 0.000000
27.745795, 0.000000
27.183820, 0.000000
26.625419, 0.000000
26.070650, 0.000000
25.519572, 0.000000
24.972240, 0.000000
24.428710, 0.000000
23.889035, 0.000000
23.353268, 0.000000
22.821460, 0.000000
22.293661, 0.000000
21.769919, 0.000000
21.250280, 0.000000
20.734791, 0.000000
20.223495, 0.000000
19.716435, 0.000000
19.213653, 0.000000
18.715188, 0.000000
18.221080, 0.000000
17.731365, 0.000000
17.246079, 0.000000
16.765257, 0.000000
16.288933, 0.000000
15.817137, 0.000000
15.349901, 0.000000
14.887254, 0.000000
14.429223, 0.000000
13.975834, 0.000000
13.527114, 0.000000
13.083085, 0.000000
12.643771, 0.000000
12.209192, 0.000000
11.779368, 0.000000
11.354318, 0.000000
10.934059, 0.000000
10.518607, 0.000000
10.107977, 0.000000
9.702182, 0.000000
9.301234, 0.000000
8.905145, 0.000000
8.513924, 0.000000
8.127579, 0.000000
7.746119, 0.000000
7.369548, 0.000000
6.997872, 0.000000
6.631095, 0.000000
6.269220, 0.000000
5.912246, 0.000000
5.560176, 0.000000
5.213008, 0.000000
4.870739, 0.000000
4.533368, 0.000000
4.200889, 0.000000
3.873298, 0.000000
3.550588, 0.000000
3.232752, 0.000000
2.919782, 0.000000
2.611667, 0.000000
2.308398, 0.000000
2.009964, 0.000000
1.716351, 0.000000
1.427546, 0.000000
1.143536, 0.000000
0.864305, 0.000000
0.589837, 0.000000
0.320114, 0.000000
0.055119, 0.000000
0.205167, 180.000000
0.460763, 180.000000
0.711690, 180.000000
0.957970, 180.000000
1.199624, 180.000000
1.436675, 180.000000
1.669147, 180.000000
1.897065, 180.000000
2.120453, 180.000000
2.339337, 180.000000
2.553745, 180.000000
2.763702, 180.000000
2.969238, 180.000000
3.170381, 180.000000
3.367159, 180.000000
3.559603, 180.000000
3.747744, 180.000000
3.931612, 180.000000
4.111239, 180.000000
4.286656, 180.000000
4.457898, 180.000000
4.624996, 180.000000
4.787986, 180.000000
4.946900, 180.000000
5.101774, 180.000000
5.252643, 180.000000
5.399542, 180.000000
5.542507, 180.000000
5.681575, 180.000000
5.816783, 180.000000
5.948168, 180.000000
6.075767, 180.000000
6.199619, 180.000000
6.319761, 180.000000
6.436232, 180.000000
6.549070, 180.000000
6.658316, 180.000000
6.764008, 180.000000
6.866186, 180.000000
6.964890, 180.000000
7.060159, 180.000000
7.152035, 180.000000
7.240558, 180.000000
7.325767, 180.000000
7.407705, 180.000000
7.486412, 180.000000
7.561930, 180.000000
7.634298, 180.000000
7.703560, 180.000000
7.769756, 180.000000
7.832927, 180.000000
7.893116, 180.000000
7.950363, 180.000000
8.004711, 180.000000
8.056202, 180.000000
8.104876, 180.000000
8.150776, 180.000000
8.193943, 180.000000
8.234420, 180.000000
8.272247, 180.000000
8.307466, 180.000000
8.340120, 180.000000
8.370249, 180.000000
8.397894, 180.000000
8.423098, 180.000000
8.445900, 180.000000
8.466344, 180.000000
8.484468, 180.000000
8.500315, 180.000000
8.513925, 180.000000
8.525338, 180.000000
8.534596, 180.000000
8.541737, 180.000000
8.546803, 180.000000
8.549833, 180.000000
8.550866, 180.000000
8.549943, 180.000000
8.547103, 180.000000
8.542383, 180.000000
8.535825, 180.000000
8.527465, 180.000000
8.517343, 180.000000
8.505496, 180.000000
8.491962, 180.000000
8.476779, 180.000000
8.459985, 180.000000
8.441615, 180.000000
8.421708, 180.000000
8.400298, 180.000000
8.377423, 180.000000
8.353119, 180.000000
8.327421, 180.000000
8.300363, 180.000000
8.271982, 180.000000
8.242312, 180.000000
8.211386, 180.000000
8.179240, 180.000000
8.145906, 180.000000
8.111418, 180.000000
8.075809, 180.000000
8.039111, 180.000000
8.001357, 180.000000
7.962578, 180.000000
7.922807, 180.000000
7.882074, 180.000000
7.840410, 180.000000
7.797846, 180.000000
7.754411, 180.000000
7.710136, 180.000000
7.665050, 180.000000
7.619181, 180.000000
7.572559, 180.000000
7.525211, 180.000000
7.477166, 180.000000
7.428451, 180.000000
7.379093, 180.000000
7.329119, 180.000000
7.278555, 180.000000
7.227427, 180.000000
7.175761, 180.000000
7.123582, 180.000000
7.070914, 180.000000
7.017783, 180.000000
6.964211, 180.000000
6.910224, 180.000000
6.855844, 180.000000
6.801094, 180.000000
6.745996, 180.000000
6.690573, 180.000000
6.634847, 180.000000
6.578839, 180.000000
6.522569, 180.000000
6.466059, 180.000000
6.409328, 180.000000
6.352397, 180.000000
6.295286, 180.000000
6.238012, 180.000000
6.180596, 180.000000
6.123055, 180.000000
6.065407, 180.000000
6.007670, 180.000000
5.949862, 180.000000
5.891999, 180.000000
5.834098, 180.000000
5.776175, 180.000000
5.718246, 180.000000
5.660327, 180.000000
5.602432, 180.000000
5.544577, 180.000000
5.486776, 180.000000
5.429043, 180.000000
5.371392, 180.000000
5.313836, 180.000000
5.256389, 180.000000
5.199063, 180.000000
5.141871, 180.000000
5.084825, 180.000000
5.027937, 180.000000
4.971219, 180.000000
4.914680, 180.000000
4.858334, 180.000000
4.802189, 180.000000
4.746257, 180.000000
4.690547, 180.000000
4.635069, 180.000000
4.579833, 180.000000
4.524847, 180.000000
4.470121, 180.000000
4.415663, 180.000000
4.361480, 180.000000
4.307582, 180.000000
4.253976, 180.000000
4.200669, 180.000000
4.147669, 180.000000
4.094982, 180.000000
4.042615, 180.000000
3.990575, 180.000000
3.938867, 180.000000
3.887498, 180.000000
3.836473, 180.000000
3.785798, 180.000000
3.735478, 180.000000
3.685518, 180.000000
3.635922, 180.000000
3.586695, 180.000000
3.537842, 180.000000
3.489366, 180.000000
3.441272, 180.000000
3.393562, 180.000000
3.346241, 180.000000
3.299312, 180.000000
3.252778, 180.000000
3.206641, 180.000000
3.160904, 180.000000
3.115570, 180.000000
3.070641, 180.000000
3.026119, 180.000000
2.982007, 180.000000
2.938305, 180.000000
2.895016, 180.000000
2.852141, 180.000000
2.809680, 180.000000
2.767636, 180.000000
2.726010, 180.000000
2.684801, 180.000000
2.644011, 180.000000
2.603641, 180.000000
2.563690, 180.000000
2.524158, 180.000000
2.485047, 180.000000
2.446356, 180.000000
2.408084, 180.000000
2.370232, 180.000000
2.332798, 180.000000
2.295784, 180.000000
2.259187, 180.000000
2.223007, 180.000000
2.187244, 180.000000
2.151896, 180.000000
2.116962, 180.000000
2.082441, 180.000000
2.048331, 180.000000
2.014633, 180.000000
1.981343, 180.000000
1.948460, 180.000000
1.915984, 180.000000
1.883911, 180.000000
1.852241, 180.000000
1.820971, 180.000000
1.790099, 180.000000
1.759624, 180.000000
1.729543, 180.000000
1.699854, 180.000000
1.670555, 180.000000
1.641644, 180.000000
1.613118, 180.000000
1.584975, 180.000000
1.557212, 180.000000
1.529828, 180.000000
1.502818, 180.000000
1.476181, 180.000000
1.449915, 180.000000
1.424015, 180.000000
1.398481, 180.000000
1.373308, 180.000000
1.348494, 180.000000
1.324036, 180.000000
1.299931, 180.000000
1.276177, 180.000000
1.252770, 180.000000
1.229707, 180.000000
1.206986, 180.000000
1.184602, 180.000000
1.162554, 180.000000
1.140838, 180.000000
1.119451, 180.000000
1.098390, 180.000000
1.077652, 180.000000
1.057233, 180.000000
1.037131, 180.000000
1.017342, 180.000000
0.997863, 180.000000
0.978690, 180.000000
0.959821, 180.000000
0.941253, 180.000000
0.922981, 180.000000
0.905004, 180.000000
0.887317, 180.000000
0.869918, 180.000000
0.852803, 180.000000
0.835969, 180.000000
0.819412, 180.000000
0.803130, 180.000000
0.787119, 180.000000
0.771377, 180.000000
0.755899, 180.000000
0.740683, 180.000000
0.725725, 180.000000
0.711022, 180.000000
##END=
