0.000000	-126.1417006	1	1
0.000000	-144.5668774	1	1
0.000000	-161.5747858	1	1
0.000000	-179.9999626	1	1
0.000000	164.4094372	1	1
0.007874	147.4015288	1	1
0.007874	128.976352	1	1
0.015748	110.5511752	1	1
0.023622	92.12594117	1	1
0.031496	75.1180901	1	1
0.031496	56.69291332	1	0.992126
0.039370	39.68500495	1	0.992126
0.055118	21.25982817	1	0.992126
0.062992	2.834651396	1	0.992126
0.070866	-14.17319968	1	0.984252
0.078740	-32.59843375	1	0.984252
0.094488	-49.60628483	1	0.984252
0.102362	-66.61413591	1	0.976378
0.118110	-85.03936998	1	0.976378
0.125984	-102.0472211	1	0.976378
0.141732	-120.4723978	1	0.968504
0.157480	-137.4803062	1	0.968504
0.173228	-154.4881573	1	0.96063
0.188976	-171.4960084	1	0.96063
0.196850	174.3306598	1	0.96063
0.212598	155.905483	1	0.952756
0.228346	138.8976319	1	0.944882
0.244094	121.8897235	1	0.944882
0.267717	104.8818725	1	0.937008
0.283465	89.29134708	1	0.937008
0.299213	72.2834387	1	0.929134
0.314961	55.27558762	1	0.929134
0.330709	38.26773655	1	0.92126
0.346457	22.67715387	1	0.913386
0.362205	5.669302791	1	0.913386
0.385827	-11.33860558	1	0.905512
0.401575	-26.92913096	1	0.897638
0.417323	-42.51965634	1	0.897638
0.433071	-59.52756472	1	0.889764
0.448819	-75.1180901	1	0.88189
0.472441	-90.70861548	1	0.88189
0.488189	-106.2991982	1	0.874016
0.503937	-121.8897235	1	0.866142
0.519685	-137.4803062	1	0.858268
0.535433	-153.0708316	1	0.850394
0.551181	-168.661357	1	0.850394
0.566929	179.9999626	1	0.84252
0.582677	164.4094372	1	0.834646
0.598425	148.8188545	1	0.826772
0.614173	134.6456548	1	0.818898
0.629921	120.4723978	1	0.811024
0.645669	104.8818725	1	0.811024
0.661417	90.70861548	1	0.80315
0.677165	76.53541579	1	0.795276
0.692913	62.36221611	1	0.787402
0.708661	48.18895913	1	0.779528
0.716535	35.43308515	1	0.771654
0.732283	21.25982817	1	0.76378
0.740157	7.086628489	1	0.755906
0.755906	-5.669302791	1	0.748031
0.771654	-18.42517678	1	0.740157
0.779528	-32.59843375	1	0.732283
0.787402	-45.35430774	1	0.724409
0.803150	-58.11023902	1	0.716535
0.811024	-70.866113	1	0.716535
0.818898	-83.62204428	1	0.708661
0.834646	-94.96059257	1	0.700787
0.842520	-107.7165239	1	0.692913
0.850394	-119.0550721	1	0.685039
0.858268	-131.8110034	1	0.677165
0.866142	-143.1495517	1	0.669291
0.874016	-154.4881573	1	0.661417
0.881890	-165.8267629	1	0.653543
0.889764	-177.1653112	1	0.645669
0.897638	174.3306598	1	0.637795
0.905512	162.9921115	1	0.629921
0.913386	151.6535059	1	0.622047
0.913386	141.732226	1	0.614173
0.921260	130.3936777	1	0.606299
0.929134	120.4723978	1	0.598425
0.929134	110.5511752	1	0.590551
0.937008	100.6298954	1	0.582677
0.944882	90.70861548	1	0.574803
0.944882	80.78739289	1	0.566929
0.952756	70.866113	1	0.559055
0.952756	60.94489041	1	0.551181
0.960630	52.44093623	1	0.543307
0.960630	42.51965634	1	0.535433
0.968504	34.01575945	1	0.527559
0.968504	25.51180526	1	0.519685
0.968504	17.00785108	1	0.511811
0.976378	8.503954187	1	0.503937
0.976378	0	1	0.496063
0.976378	-8.503954187	1	0.488189
0.976378	-17.00785108	1	0.480315
0.984252	-25.51180526	1	0.472441
0.984252	-32.59843375	1	0.472441
0.984252	-41.10233065	1	0.464567
0.984252	-48.18895913	1	0.456693
0.992126	-55.27558762	1	0.448819
0.992126	-62.36221611	1	0.440945
0.992126	-69.44878731	1	0.433071
0.992126	-76.53541579	1	0.425197
0.992126	-83.62204428	1	0.417323
0.992126	-90.70861548	1	0.417323
0.992126	-97.79524397	1	0.409449
1.000000	-103.4645468	1	0.401575
1.000000	-110.5511752	1	0.393701
1.000000	-116.2204207	1	0.385827
1.000000	-121.8897235	1	0.377953
1.000000	-128.976352	1	0.377953
1.000000	-134.6456548	1	0.370079
1.000000	-140.3149576	1	0.362205
1.000000	-145.9842031	1	0.354331
1.000000	-151.6535059	1	0.354331
1.000000	-155.905483	1	0.346457
1.000000	-161.5747858	1	0.338583
1.000000	-167.2440313	1	0.330709
1.000000	-171.4960084	1	0.330709
1.000000	-177.1653112	1	0.322835
1.000000	-181.4172882	1	0.314961
1.000000	175.7479855	1	0.314961
1.000000	171.4960084	1	0.307087
1.000000	167.2440313	1	0.299213
1.000000	162.9921115	1	0.299213
1.000000	158.7401344	1	0.291339
1.000000	154.4881573	1	0.283465
1.000000	150.2361802	1	0.283465
1.000000	145.9842031	1	0.275591
1.000000	141.732226	1	0.275591
1.000000	138.8976319	1	0.267717
1.000000	134.6456548	1	0.267717
1.000000	130.3936777	1	0.259843
1.000000	127.5590263	1	0.259843
1.000000	123.3070492	1	0.251969
1.000000	120.4723978	1	0.251969
1.000000	116.2204207	1	0.244094
1.000000	113.3858266	1	0.244094
1.000000	110.5511752	1	0.23622
1.000000	107.7165239	1	0.23622
1.000000	103.4645468	1	0.228346
1.000000	100.6298954	1	0.228346
1.000000	97.79524397	1	0.220472
1.000000	94.96059257	1	0.220472
1.000000	92.12594117	1	0.220472
1.000000	89.29134708	1	0.212598
1.000000	86.45669568	1	0.212598
1.000000	83.62204428	1	0.204724
1.000000	82.20471859	1	0.204724
1.000000	79.37006719	1	0.204724
1.000000	76.53541579	1	0.19685
1.000000	75.1180901	1	0.19685
1.000000	72.2834387	1	0.19685
1.000000	69.44878731	1	0.188976
1.000000	68.03146161	1	0.188976
1.000000	65.19681021	1	0.188976
1.000000	63.77954181	1	0.188976
1.000000	60.94489041	1	0.181102
1.000000	59.52756472	1	0.181102
1.000000	56.69291332	1	0.181102
1.000000	55.27558762	1	0.181102
1.000000	53.85826193	1	0.173228
1.000000	51.02361053	1	0.173228
1.000000	49.60628483	1	0.173228
1.000000	48.18895913	1	0.173228
1.000000	46.77163344	1	0.173228
1.000000	43.93698204	1	0.165354
1.000000	42.51965634	1	0.165354
1.000000	41.10233065	1	0.165354
1.000000	39.68500495	1	0.165354
1.000000	38.26773655	1	0.165354
1.000000	36.85041085	1	0.165354
1.000000	35.43308515	1	0.165354
1.000000	34.01575945	1	0.15748
1.000000	32.59843375	1	0.15748
1.000000	31.18110806	1	0.15748
1.000000	29.76378236	1	0.15748
1.000000	28.34645666	1	0.15748
1.000000	26.92913096	1	0.15748
1.000000	25.51180526	1	0.15748
1.000000	25.51180526	1	0.15748
1.000000	24.09447957	1	0.15748
1.000000	22.67715387	1	0.15748
1.000000	21.25982817	1	0.149606
1.000000	19.84250247	1	0.149606
1.000000	19.84250247	1	0.149606
1.000000	18.42517678	1	0.149606
1.000000	17.00785108	1	0.149606
1.000000	17.00785108	1	0.149606
1.000000	15.59052538	1	0.149606
1.000000	14.17319968	1	0.149606
1.000000	14.17319968	1	0.149606
1.000000	12.75593128	1	0.149606
1.000000	11.33860558	1	0.149606
1.000000	11.33860558	1	0.149606
1.000000	9.921279885	1	0.149606
1.000000	9.921279885	1	0.149606
1.000000	8.503954187	1	0.149606
1.000000	8.503954187	1	0.149606
1.000000	7.086628489	1	0.149606
1.000000	7.086628489	1	0.149606
1.000000	5.669302791	1	0.149606
1.000000	5.669302791	1	0.149606
1.000000	5.669302791	1	0.149606
1.000000	4.251977093	1	0.149606
1.000000	4.251977093	1	0.149606
1.000000	4.251977093	1	0.149606
1.000000	2.834651396	1	0.149606
1.000000	2.834651396	1	0.149606
1.000000	2.834651396	1	0.149606
1.000000	1.417325698	1	0.149606
1.000000	1.417325698	1	0.149606
1.000000	1.417325698	1	0.149606
1.000000	1.417325698	1	0.149606
1.000000	0	1	0.149606
1.000000	0	1	0.149606
1.000000	0	1	0.149606
1.000000	0	1	0.149606
1.000000	0	1	0.149606
1.000000	0	1	0.149606
1.000000	0	1	0.149606
1.000000	0	1	0.149606
1.000000	0	1	0.149606
1.000000	0	1	0.149606
1.000000	0	1	0.149606
1.000000	0	1	0.149606
1.000000	0	1	0.149606
1.000000	0	1	0.149606
1.000000	0	1	0.149606
1.000000	0	1	0.149606
1.000000	0	1	0.149606
1.000000	0	1	0.149606
1.000000	0	1	0.149606
1.000000	0	1	0.149606
1.000000	0	1	0.149606
1.000000	0	1	0.149606
1.000000	1.417325698	1	0.149606
1.000000	1.417325698	1	0.149606
1.000000	1.417325698	1	0.149606
1.000000	1.417325698	1	0.149606
1.000000	2.834651396	1	0.149606
1.000000	2.834651396	1	0.149606
1.000000	2.834651396	1	0.149606
1.000000	4.251977093	1	0.149606
1.000000	4.251977093	1	0.149606
1.000000	4.251977093	1	0.149606
1.000000	5.669302791	1	0.149606
1.000000	5.669302791	1	0.149606
1.000000	5.669302791	1	0.149606
1.000000	7.086628489	1	0.149606
1.000000	7.086628489	1	0.149606
1.000000	8.503954187	1	0.149606
1.000000	8.503954187	1	0.149606
1.000000	9.921279885	1	0.149606
1.000000	9.921279885	1	0.149606
1.000000	11.33860558	1	0.149606
1.000000	11.33860558	1	0.149606
1.000000	12.75593128	1	0.149606
1.000000	14.17319968	1	0.149606
1.000000	14.17319968	1	0.149606
1.000000	15.59052538	1	0.149606
1.000000	17.00785108	1	0.149606
1.000000	17.00785108	1	0.149606
1.000000	18.42517678	1	0.149606
1.000000	19.84250247	1	0.149606
1.000000	19.84250247	1	0.149606
1.000000	21.25982817	1	0.149606
1.000000	22.67715387	1	0.15748
1.000000	24.09447957	1	0.15748
1.000000	25.51180526	1	0.15748
1.000000	25.51180526	1	0.15748
1.000000	26.92913096	1	0.15748
1.000000	28.34645666	1	0.15748
1.000000	29.76378236	1	0.15748
1.000000	31.18110806	1	0.15748
1.000000	32.59843375	1	0.15748
1.000000	34.01575945	1	0.15748
1.000000	35.43308515	1	0.165354
1.000000	36.85041085	1	0.165354
1.000000	38.26773655	1	0.165354
1.000000	39.68500495	1	0.165354
1.000000	41.10233065	1	0.165354
1.000000	42.51965634	1	0.165354
1.000000	43.93698204	1	0.165354
1.000000	46.77163344	1	0.173228
1.000000	48.18895913	1	0.173228
1.000000	49.60628483	1	0.173228
1.000000	51.02361053	1	0.173228
1.000000	53.85826193	1	0.173228
1.000000	55.27558762	1	0.181102
1.000000	56.69291332	1	0.181102
1.000000	59.52756472	1	0.181102
1.000000	60.94489041	1	0.181102
1.000000	62.36221611	1	0.188976
1.000000	65.19681021	1	0.188976
1.000000	68.03146161	1	0.188976
1.000000	69.44878731	1	0.188976
1.000000	72.2834387	1	0.19685
1.000000	73.7007644	1	0.19685
1.000000	76.53541579	1	0.19685
1.000000	79.37006719	1	0.204724
1.000000	80.78739289	1	0.204724
1.000000	83.62204428	1	0.204724
1.000000	86.45669568	1	0.212598
1.000000	89.29134708	1	0.212598
1.000000	92.12594117	1	0.220472
1.000000	94.96059257	1	0.220472
1.000000	97.79524397	1	0.220472
1.000000	100.6298954	1	0.228346
1.000000	103.4645468	1	0.228346
1.000000	106.2991982	1	0.23622
1.000000	109.1338495	1	0.23622
1.000000	113.3858266	1	0.244094
1.000000	116.2204207	1	0.244094
1.000000	119.0550721	1	0.251969
1.000000	123.3070492	1	0.251969
1.000000	126.1417006	1	0.259843
1.000000	130.3936777	1	0.259843
1.000000	133.2283291	1	0.267717
1.000000	137.4803062	1	0.267717
1.000000	141.732226	1	0.275591
1.000000	144.5668774	1	0.275591
1.000000	148.8188545	1	0.283465
1.000000	153.0708316	1	0.283465
1.000000	157.3228087	1	0.291339
1.000000	161.5747858	1	0.299213
1.000000	165.8267629	1	0.299213
1.000000	170.0786827	1	0.307087
1.000000	174.3306598	1	0.314961
1.000000	179.9999626	1	0.314961
1.000000	-178.5826369	1	0.322835
1.000000	-172.9133341	1	0.330709
1.000000	-168.661357	1	0.330709
1.000000	-162.9921115	1	0.338583
1.000000	-158.7401344	1	0.346457
1.000000	-153.0708316	1	0.354331
1.000000	-147.4015288	1	0.354331
1.000000	-141.732226	1	0.362205
1.000000	-136.0629805	1	0.370079
1.000000	-130.3936777	1	0.377953
1.000000	-124.7243749	1	0.377953
1.000000	-117.6377464	1	0.385827
1.000000	-111.9685009	1	0.393701
1.000000	-106.2991982	1	0.401575
0.992126	-99.21256966	1	0.409449
0.992126	-93.54326687	1	0.417323
0.992126	-86.45669568	1	0.417323
0.992126	-79.37006719	1	0.425197
0.992126	-72.2834387	1	0.433071
0.992126	-65.19681021	1	0.440945
0.992126	-58.11023902	1	0.448819
0.984252	-51.02361053	1	0.456693
0.984252	-43.93698204	1	0.464567
0.984252	-35.43308515	1	0.472441
0.984252	-28.34645666	1	0.472441
0.976378	-19.84250247	1	0.480315
0.976378	-11.33860558	1	0.488189
0.976378	-4.251977093	1	0.496063
0.976378	4.251977093	1	0.503937
0.968504	12.75593128	1	0.511811
0.968504	21.25982817	1	0.519685
0.968504	31.18110806	1	0.527559
0.960630	39.68500495	1	0.535433
0.960630	48.18895913	1	0.543307
0.952756	58.11023902	1	0.551181
0.952756	68.03146161	1	0.559055
0.944882	76.53541579	1	0.566929
0.944882	86.45669568	1	0.574803
0.937008	96.37791827	1	0.582677
0.929134	106.2991982	1	0.590551
0.929134	116.2204207	1	0.598425
0.921260	127.5590263	1	0.606299
0.913386	137.4803062	1	0.614173
0.913386	148.8188545	1	0.622047
0.905512	158.7401344	1	0.629921
0.897638	170.0786827	1	0.637795
0.889764	-181.4172882	1	0.645669
0.881890	-170.0786827	1	0.653543
0.874016	-158.7401344	1	0.661417
0.866142	-147.4015288	1	0.669291
0.858268	-136.0629805	1	0.677165
0.850394	-123.3070492	1	0.685039
0.842520	-111.9685009	1	0.692913
0.834646	-99.21256966	1	0.700787
0.818898	-87.87402138	1	0.708661
0.811024	-75.1180901	1	0.716535
0.803150	-62.36221611	1	0.716535
0.787402	-49.60628483	1	0.724409
0.779528	-36.85041085	1	0.732283
0.771654	-24.09447957	1	0.740157
0.755906	-9.921279885	1	0.748031
0.740157	2.834651396	1	0.755906
0.732283	17.00785108	1	0.76378
0.716535	29.76378236	1	0.771654
0.708661	43.93698204	1	0.779528
0.692913	58.11023902	1	0.787402
0.677165	72.2834387	1	0.795276
0.661417	86.45669568	1	0.80315
0.645669	100.6298954	1	0.811024
0.629921	114.8031523	1	0.811024
0.614173	130.3936777	1	0.818898
0.598425	144.5668774	1	0.826772
0.582677	160.1574601	1	0.834646
0.566929	174.3306598	1	0.84252
0.551181	-172.9133341	1	0.850394
0.535433	-157.3228087	1	0.850394
0.519685	-141.732226	1	0.858268
0.503937	-126.1417006	1	0.866142
0.488189	-110.5511752	1	0.874016
0.472441	-94.96059257	1	0.88189
0.448819	-79.37006719	1	0.88189
0.433071	-63.77954181	1	0.889764
0.417323	-46.77163344	1	0.897638
0.401575	-31.18110806	1	0.897638
0.385827	-15.59052538	1	0.905512
0.362205	1.417325698	1	0.913386
0.346457	18.42517678	1	0.913386
0.330709	34.01575945	1	0.92126
0.314961	51.02361053	1	0.929134
0.299213	68.03146161	1	0.929134
0.283465	85.03936998	1	0.937008
0.267717	102.0472211	1	0.937008
0.244094	119.0550721	1	0.944882
0.228346	136.0629805	1	0.944882
0.212598	153.0708316	1	0.952756
0.196850	170.0786827	1	0.96063
0.188976	-175.7479855	1	0.96063
0.173228	-157.3228087	1	0.96063
0.157480	-140.3149576	1	0.968504
0.141732	-123.3070492	1	0.968504
0.125984	-104.8818725	1	0.976378
0.118110	-87.87402138	1	0.976378
0.102362	-69.44878731	1	0.976378
0.094488	-52.44093623	1	0.984252
0.078740	-34.01575945	1	0.984252
0.070866	-17.00785108	1	0.984252
0.062992	1.417325698	1	0.992126
0.055118	19.84250247	1	0.992126
0.039370	36.85041085	1	0.992126
0.031496	55.27558762	1	0.992126
0.031496	73.7007644	1	1
0.023622	90.70861548	1	1
0.015748	109.1338495	1	1
0.007874	127.5590263	1	1
0.007874	145.9842031	1	1
0.000000	164.4094372	1	1
0.000000	-181.4172882	1	1
0.000000	-162.9921115	1	1
