100.5419909,-27.31440279
100.5419909,-27.19222975
100.5419909,-27.0700567
100.5419909,-26.93043036
100.5419909,-26.80825731
100.5419909,-26.68608426
100.5419909,-26.56391122
100.5419909,-26.44173817
100.5419909,-26.31956512
100.5419909,-26.19739207
100.5419909,-26.07521902
100.5419909,-25.95304598
100.5419909,-25.83087293
100.5419909,-25.70869988
100.5419909,-25.58652683
100.5419909,-25.46435379
100.5419909,-25.34218074
100.5419909,-25.22000769
100.5419909,-25.09783464
100.5419909,-24.9756616
201.0839819,-24.85348855
201.0839819,-24.7313155
201.0839819,-24.60914245
201.0839819,-24.48696941
201.0839819,-24.36479636
201.0839819,-24.22517002
201.0839819,-24.10299697
201.0839819,-23.98082392
201.0839819,-23.85865087
201.0839819,-23.73647783
201.0839819,-23.61430478
201.0839819,-23.49213173
201.0839819,-23.36995868
201.0839819,-23.24778564
201.0839819,-23.12561259
201.0839819,-23.00343954
201.0839819,-22.88126649
201.0839819,-22.75909345
201.0839819,-22.6369204
201.0839819,-22.51474735
201.0839819,-22.3925743
201.0839819,-22.27040126
201.0839819,-22.14822821
201.0839819,-22.02605516
201.0839819,-21.90388211
301.6259728,-21.78170906
301.6259728,-21.65953602
301.6259728,-21.53736297
301.6259728,-21.39773663
301.6259728,-21.27556358
301.6259728,-21.15339053
301.6259728,-21.03121749
301.6259728,-20.90904444
301.6259728,-20.78687139
301.6259728,-20.66469834
301.6259728,-20.5425253
301.6259728,-20.42035225
301.6259728,-20.2981792
301.6259728,-20.17600615
301.6259728,-20.05383311
301.6259728,-19.93166006
402.1679638,-19.80948701
402.1679638,-19.68731396
402.1679638,-19.56514091
402.1679638,-19.44296787
402.1679638,-19.32079482
402.1679638,-19.19862177
402.1679638,-19.07644872
402.1679638,-18.95427568
402.1679638,-18.83210263
402.1679638,-18.70992958
402.1679638,-18.58775653
402.1679638,-18.46558349
502.7099547,-18.32595715
502.7099547,-18.2037841
502.7099547,-18.08161105
502.7099547,-17.959438
502.7099547,-17.83726496
502.7099547,-17.71509191
502.7099547,-17.59291886
502.7099547,-17.47074581
502.7099547,-17.34857276
502.7099547,-17.22639972
603.2519456,-17.10422667
603.2519456,-16.98205362
603.2519456,-16.85988057
603.2519456,-16.73770753
603.2519456,-16.61553448
603.2519456,-16.49336143
603.2519456,-16.37118838
603.2519456,-16.24901534
703.7939366,-16.12684229
703.7939366,-16.00466924
703.7939366,-15.88249619
703.7939366,-15.76032315
703.7939366,-15.6381501
703.7939366,-15.51597705
703.7939366,-15.393804
804.3359275,-15.27163095
804.3359275,-15.14945791
804.3359275,-15.02728486
804.3359275,-14.90511181
804.3359275,-14.78293876
804.3359275,-14.66076572
904.8779185,-14.53859267
904.8779185,-14.41641962
904.8779185,-14.29424657
904.8779185,-14.15462023
904.8779185,-14.03244719
1005.419909,-13.91027414
1005.419909,-13.78810109
1005.419909,-13.66592804
1005.419909,-13.543755
1005.419909,-13.42158195
1105.9619,-13.2994089
1105.9619,-13.17723585
1105.9619,-13.0550628
1105.9619,-12.93288976
1206.503891,-12.81071671
1206.503891,-12.68854366
1206.503891,-12.56637061
1206.503891,-12.44419757
1206.503891,-12.32202452
1307.045882,-12.19985147
1307.045882,-12.07767842
1307.045882,-11.95550538
1407.587873,-11.83333233
1407.587873,-11.72861257
1407.587873,-11.60643953
1407.587873,-11.48426648
1508.129864,-11.36209343
1508.129864,-11.23992038
1508.129864,-11.11774734
1608.671855,-10.99557429
1608.671855,-10.87340124
1608.671855,-10.75122819
1709.213846,-10.62905514
1709.213846,-10.5068821
1709.213846,-10.38470905
1809.755837,-10.262536
1809.755837,-10.14036295
1809.755837,-10.01818991
1910.297828,-9.896016859
1910.297828,-9.773843811
2010.839819,-9.651670764
2010.839819,-9.546951008
2010.839819,-9.424777961
2111.38181,-9.302604913
2111.38181,-9.180431865
2211.923801,-9.058258818
2211.923801,-8.93608577
2312.465792,-8.813912723
2312.465792,-8.691739675
2413.007783,-8.58701992
2413.007783,-8.464846872
2413.007783,-8.342673825
2513.549774,-8.220500777
2513.549774,-8.098327729
2614.091764,-7.976154682
2714.633755,-7.871434926
2714.633755,-7.749261879
2815.175746,-7.627088831
2815.175746,-7.504915784
2915.717737,-7.382742736
2915.717737,-7.278022981
3016.259728,-7.155849933
3016.259728,-7.033676886
3116.801719,-6.92895713
3217.34371,-6.806784083
3217.34371,-6.684611035
3317.885701,-6.57989128
3418.427692,-6.457718232
3418.427692,-6.335545185
3518.969683,-6.23082543
3619.511674,-6.108652382
3619.511674,-6.003932627
3720.053665,-5.881759579
3820.595656,-5.759586532
3921.137647,-5.654866776
3921.137647,-5.532693729
4021.679638,-5.427973974
4122.221629,-5.323254219
4222.76362,-5.201081171
4222.76362,-5.096361416
4323.30561,-4.974188368
4423.847601,-4.869468613
4524.389592,-4.764748858
4624.931583,-4.64257581
4624.931583,-4.537856055
4725.473574,-4.4331363
4826.015565,-4.328416545
4926.557556,-4.22369679
5027.099547,-4.101523742
5127.641538,-3.996803987
5228.183529,-3.892084232
5328.72552,-3.787364477
5429.267511,-3.682644722
5529.809502,-3.577924967
5630.351493,-3.490658504
5730.893484,-3.385938749
5831.435475,-3.281218994
5831.435475,-3.176499239
5931.977465,-3.089232776
6032.519456,-2.984513021
6133.061447,-2.879793266
6233.603438,-2.792526803
6334.145429,-2.687807048
6535.229411,-2.600540585
6635.771402,-2.513274123
6736.313393,-2.408554368
6836.855384,-2.321287905
6937.397375,-2.234021443
7037.939366,-2.14675498
7138.481357,-2.059488517
7239.023348,-1.972222055
7339.565339,-1.884955592
7440.10733,-1.79768913
7540.649321,-1.710422667
7641.191311,-1.640609497
7741.733302,-1.553343034
7842.275293,-1.483529864
7942.817284,-1.396263402
8043.359275,-1.326450232
8143.901266,-1.256637061
8244.443257,-1.186823891
8344.985248,-1.117010721
8445.527239,-1.047197551
8546.06923,-0.977384381
8646.611221,-0.907571211
8747.153212,-0.855211333
8747.153212,-0.785398163
8847.695203,-0.733038286
8948.237194,-0.680678408
9048.779185,-0.628318531
9149.321176,-0.575958653
9249.863167,-0.523598776
9249.863167,-0.471238898
9350.405157,-0.41887902
9450.947148,-0.383972435
9450.947148,-0.34906585
9551.489139,-0.296705973
9652.03113,-0.261799388
9652.03113,-0.226892803
9752.573121,-0.191986218
9752.573121,-0.174532925
9853.115112,-0.13962634
9853.115112,-0.122173048
9853.115112,-0.087266463
9953.657103,-0.06981317
9953.657103,-0.052359878
9953.657103,-0.034906585
10054.19909,-0.017453293
10054.19909,-0.017453293
10054.19909,0
10054.19909,0
10054.19909,0
10054.19909,0
10054.19909,0
10054.19909,0
10054.19909,-0.017453293
10054.19909,-0.017453293
9953.657103,-0.034906585
9953.657103,-0.052359878
9953.657103,-0.06981317
9853.115112,-0.087266463
9853.115112,-0.122173048
9853.115112,-0.13962634
9752.573121,-0.174532925
9752.573121,-0.191986218
9652.03113,-0.226892803
9652.03113,-0.261799388
9551.489139,-0.296705973
9450.947148,-0.34906585
9450.947148,-0.383972435
9350.405157,-0.41887902
9249.863167,-0.471238898
9249.863167,-0.523598776
9149.321176,-0.575958653
9048.779185,-0.628318531
8948.237194,-0.680678408
8847.695203,-0.733038286
8747.153212,-0.785398163
8747.153212,-0.855211333
8646.611221,-0.907571211
8546.06923,-0.977384381
8445.527239,-1.047197551
8344.985248,-1.117010721
8244.443257,-1.186823891
8143.901266,-1.256637061
8043.359275,-1.326450232
7942.817284,-1.396263402
7842.275293,-1.483529864
7741.733302,-1.553343034
7641.191311,-1.640609497
7540.649321,-1.710422667
7440.10733,-1.79768913
7339.565339,-1.884955592
7239.023348,-1.972222055
7138.481357,-2.059488517
7037.939366,-2.14675498
6937.397375,-2.234021443
6836.855384,-2.321287905
6736.313393,-2.408554368
6635.771402,-2.513274123
6535.229411,-2.600540585
6334.145429,-2.687807048
6233.603438,-2.792526803
6133.061447,-2.879793266
6032.519456,-2.984513021
5931.977465,-3.089232776
5831.435475,-3.176499239
5831.435475,-3.281218994
5730.893484,-3.385938749
5630.351493,-3.490658504
5529.809502,-3.577924967
5429.267511,-3.682644722
5328.72552,-3.787364477
5228.183529,-3.892084232
5127.641538,-3.996803987
5027.099547,-4.101523742
4926.557556,-4.22369679
4826.015565,-4.328416545
4725.473574,-4.4331363
4624.931583,-4.537856055
4624.931583,-4.64257581
4524.389592,-4.764748858
4423.847601,-4.869468613
4323.30561,-4.974188368
4222.76362,-5.096361416
4222.76362,-5.201081171
4122.221629,-5.323254219
4021.679638,-5.427973974
3921.137647,-5.532693729
3921.137647,-5.654866776
3820.595656,-5.759586532
3720.053665,-5.881759579
3619.511674,-6.003932627
3619.511674,-6.108652382
3518.969683,-6.23082543
3418.427692,-6.335545185
3418.427692,-6.457718232
3317.885701,-6.57989128
3217.34371,-6.684611035
3217.34371,-6.806784083
3116.801719,-6.92895713
3016.259728,-7.033676886
3016.259728,-7.155849933
2915.717737,-7.278022981
2915.717737,-7.382742736
2815.175746,-7.504915784
2815.175746,-7.627088831
2714.633755,-7.749261879
2714.633755,-7.871434926
2614.091764,-7.976154682
2513.549774,-8.098327729
2513.549774,-8.220500777
2413.007783,-8.342673825
2413.007783,-8.464846872
2413.007783,-8.58701992
2312.465792,-8.691739675
2312.465792,-8.813912723
2211.923801,-8.93608577
2211.923801,-9.058258818
2111.38181,-9.180431865
2111.38181,-9.302604913
2010.839819,-9.424777961
2010.839819,-9.546951008
2010.839819,-9.651670764
1910.297828,-9.773843811
1910.297828,-9.896016859
1809.755837,-10.01818991
1809.755837,-10.14036295
1809.755837,-10.262536
1709.213846,-10.38470905
1709.213846,-10.5068821
1709.213846,-10.62905514
1608.671855,-10.75122819
1608.671855,-10.87340124
1608.671855,-10.99557429
1508.129864,-11.11774734
1508.129864,-11.23992038
1508.129864,-11.36209343
1407.587873,-11.48426648
1407.587873,-11.60643953
1407.587873,-11.72861257
1407.587873,-11.83333233
1307.045882,-11.95550538
1307.045882,-12.07767842
1307.045882,-12.19985147
1206.503891,-12.32202452
1206.503891,-12.44419757
1206.503891,-12.56637061
1206.503891,-12.68854366
1206.503891,-12.81071671
1105.9619,-12.93288976
1105.9619,-13.0550628
1105.9619,-13.17723585
1105.9619,-13.2994089
1005.419909,-13.42158195
1005.419909,-13.543755
1005.419909,-13.66592804
1005.419909,-13.78810109
1005.419909,-13.91027414
904.8779185,-14.03244719
904.8779185,-14.15462023
904.8779185,-14.29424657
904.8779185,-14.41641962
904.8779185,-14.53859267
804.3359275,-14.66076572
804.3359275,-14.78293876
804.3359275,-14.90511181
804.3359275,-15.02728486
804.3359275,-15.14945791
804.3359275,-15.27163095
703.7939366,-15.393804
703.7939366,-15.51597705
703.7939366,-15.6381501
703.7939366,-15.76032315
703.7939366,-15.88249619
703.7939366,-16.00466924
703.7939366,-16.12684229
603.2519456,-16.24901534
603.2519456,-16.37118838
603.2519456,-16.49336143
603.2519456,-16.61553448
603.2519456,-16.73770753
603.2519456,-16.85988057
603.2519456,-16.98205362
603.2519456,-17.10422667
502.7099547,-17.22639972
502.7099547,-17.34857276
502.7099547,-17.47074581
502.7099547,-17.59291886
502.7099547,-17.71509191
502.7099547,-17.83726496
502.7099547,-17.959438
502.7099547,-18.08161105
502.7099547,-18.2037841
502.7099547,-18.32595715
402.1679638,-18.46558349
402.1679638,-18.58775653
402.1679638,-18.70992958
402.1679638,-18.83210263
402.1679638,-18.95427568
402.1679638,-19.07644872
402.1679638,-19.19862177
402.1679638,-19.32079482
402.1679638,-19.44296787
402.1679638,-19.56514091
402.1679638,-19.68731396
402.1679638,-19.80948701
301.6259728,-19.93166006
301.6259728,-20.05383311
301.6259728,-20.17600615
301.6259728,-20.2981792
301.6259728,-20.42035225
301.6259728,-20.5425253
301.6259728,-20.66469834
301.6259728,-20.78687139
301.6259728,-20.90904444
301.6259728,-21.03121749
301.6259728,-21.15339053
301.6259728,-21.27556358
301.6259728,-21.39773663
301.6259728,-21.53736297
301.6259728,-21.65953602
301.6259728,-21.78170906
201.0839819,-21.90388211
201.0839819,-22.02605516
201.0839819,-22.14822821
201.0839819,-22.27040126
201.0839819,-22.3925743
201.0839819,-22.51474735
201.0839819,-22.6369204
201.0839819,-22.75909345
201.0839819,-22.88126649
201.0839819,-23.00343954
201.0839819,-23.12561259
201.0839819,-23.24778564
201.0839819,-23.36995868
201.0839819,-23.49213173
201.0839819,-23.61430478
201.0839819,-23.73647783
201.0839819,-23.85865087
201.0839819,-23.98082392
201.0839819,-24.10299697
201.0839819,-24.22517002
201.0839819,-24.36479636
201.0839819,-24.48696941
201.0839819,-24.60914245
201.0839819,-24.7313155
201.0839819,-24.85348855
100.5419909,-24.9756616
100.5419909,-25.09783464
100.5419909,-25.22000769
100.5419909,-25.34218074
100.5419909,-25.46435379
100.5419909,-25.58652683
100.5419909,-25.70869988
100.5419909,-25.83087293
100.5419909,-25.95304598
100.5419909,-26.07521902
100.5419909,-26.19739207
100.5419909,-26.31956512
100.5419909,-26.44173817
100.5419909,-26.56391122
100.5419909,-26.68608426
100.5419909,-26.80825731
100.5419909,-26.93043036
100.5419909,-27.0700567
100.5419909,-27.19222975
100.5419909,-27.31440279