  9.5220656e-03  0.0000000e+00
  1.6114265e-02  0.0000000e+00
  2.3072697e-02  0.0000000e+00
  3.0214246e-02  0.0000000e+00
  3.7599951e-02  0.0000000e+00
  4.5229811e-02  0.0000000e+00
  5.3103827e-02  0.0000000e+00
  6.1221998e-02  0.0000000e+00
  6.9584325e-02  0.0000000e+00
  7.8190808e-02  0.0000000e+00
  8.6980407e-02  0.0000000e+00
  9.6014161e-02  0.0000000e+00
  1.0529207e-01  0.0000000e+00
  1.1481414e-01  0.0000000e+00
  1.2451932e-01  0.0000000e+00
  1.3452970e-01  0.0000000e+00
  1.4472319e-01  0.0000000e+00
  1.5509980e-01  0.0000000e+00
  1.6572056e-01  0.0000000e+00
  1.7652445e-01  0.0000000e+00
  1.8751144e-01  0.0000000e+00
  1.9868156e-01  0.0000000e+00
  2.1009583e-01  0.0000000e+00
  2.2169322e-01  0.0000000e+00
  2.3347372e-01  0.0000000e+00
  2.4537630e-01  0.0000000e+00
  2.5752304e-01  0.0000000e+00
  2.6979186e-01  0.0000000e+00
  2.8230483e-01  0.0000000e+00
  2.9487884e-01  0.0000000e+00
  3.0757493e-01  0.0000000e+00
  3.2051517e-01  0.0000000e+00
  3.3351645e-01  0.0000000e+00
  3.4670085e-01  0.0000000e+00
  3.5988525e-01  0.0000000e+00
  3.7331380e-01  0.0000000e+00
  3.8668132e-01  0.0000000e+00
  4.0029299e-01  0.0000000e+00
  4.1390466e-01  0.0000000e+00
  4.2757737e-01  0.0000000e+00
  4.4131112e-01  0.0000000e+00
  4.5510590e-01  0.0000000e+00
  4.6902277e-01  0.0000000e+00
  4.8281755e-01  0.0000000e+00
  4.9667338e-01  0.0000000e+00
  5.1071232e-01  0.0000000e+00
  5.2462919e-01  0.0000000e+00
  5.3848501e-01  0.0000000e+00
  5.5240188e-01  0.0000000e+00
  5.6619667e-01  0.0000000e+00
  5.8011353e-01  0.0000000e+00
  5.9378624e-01  0.0000000e+00
  6.0751999e-01  0.0000000e+00
  6.2119270e-01  0.0000000e+00
  6.3468229e-01  0.0000000e+00
  6.4817189e-01  0.0000000e+00
  6.6147836e-01  0.0000000e+00
  6.7478484e-01  0.0000000e+00
  6.8790820e-01  0.0000000e+00
  7.0090948e-01  0.0000000e+00
  7.1372764e-01  0.0000000e+00
  7.2642373e-01  0.0000000e+00
  7.3887566e-01  0.0000000e+00
  7.5120552e-01  0.0000000e+00
  7.6329122e-01  0.0000000e+00
  7.7531588e-01  0.0000000e+00
  7.8697430e-01  0.0000000e+00
  7.9851065e-01  0.0000000e+00
  8.0980284e-01  0.0000000e+00
  8.2078984e-01  0.0000000e+00
  8.3159373e-01  0.0000000e+00
  8.4209241e-01  0.0000000e+00
  8.5228591e-01  0.0000000e+00
  8.6229628e-01  0.0000000e+00
  8.7200146e-01  0.0000000e+00
  8.8140145e-01  0.0000000e+00
  8.9049625e-01  0.0000000e+00
  8.9922481e-01  0.0000000e+00
  9.0770921e-01  0.0000000e+00
  9.1582738e-01  0.0000000e+00
  9.2357932e-01  0.0000000e+00
  9.3102606e-01  0.0000000e+00
  9.3810657e-01  0.0000000e+00
  9.4482085e-01  0.0000000e+00
  9.5122993e-01  0.0000000e+00
  9.5721174e-01  0.0000000e+00
  9.6282732e-01  0.0000000e+00
  9.6807666e-01  0.0000000e+00
  9.7289874e-01  0.0000000e+00
  9.7741561e-01  0.0000000e+00
  9.8150522e-01  0.0000000e+00
  9.8522859e-01  0.0000000e+00
  9.8840261e-01  0.0000000e+00
  9.9127144e-01  0.0000000e+00
  9.9377403e-01  0.0000000e+00
  9.9591039e-01  0.0000000e+00
  9.9749741e-01  0.0000000e+00
  9.9877922e-01  0.0000000e+00
  9.9957273e-01  0.0000000e+00
  1.0000000e+00  0.0000000e+00
  1.0000000e+00  0.0000000e+00
  9.9957273e-01  0.0000000e+00
  9.9877922e-01  0.0000000e+00
  9.9749741e-01  0.0000000e+00
  9.9591039e-01  0.0000000e+00
  9.9377403e-01  0.0000000e+00
  9.9127144e-01  0.0000000e+00
  9.8840261e-01  0.0000000e+00
  9.8522859e-01  0.0000000e+00
  9.8150522e-01  0.0000000e+00
  9.7741561e-01  0.0000000e+00
  9.7289874e-01  0.0000000e+00
  9.6807666e-01  0.0000000e+00
  9.6282732e-01  0.0000000e+00
  9.5721174e-01  0.0000000e+00
  9.5122993e-01  0.0000000e+00
  9.4482085e-01  0.0000000e+00
  9.3810657e-01  0.0000000e+00
  9.3102606e-01  0.0000000e+00
  9.2357932e-01  0.0000000e+00
  9.1582738e-01  0.0000000e+00
  9.0770921e-01  0.0000000e+00
  8.9922481e-01  0.0000000e+00
  8.9049625e-01  0.0000000e+00
  8.8140145e-01  0.0000000e+00
  8.7200146e-01  0.0000000e+00
  8.6229628e-01  0.0000000e+00
  8.5228591e-01  0.0000000e+00
  8.4209241e-01  0.0000000e+00
  8.3159373e-01  0.0000000e+00
  8.2078984e-01  0.0000000e+00
  8.0980284e-01  0.0000000e+00
  7.9851065e-01  0.0000000e+00
  7.8697430e-01  0.0000000e+00
  7.7531588e-01  0.0000000e+00
  7.6329122e-01  0.0000000e+00
  7.5120552e-01  0.0000000e+00
  7.3887566e-01  0.0000000e+00
  7.2642373e-01  0.0000000e+00
  7.1372764e-01  0.0000000e+00
  7.0090948e-01  0.0000000e+00
  6.8790820e-01  0.0000000e+00
  6.7478484e-01  0.0000000e+00
  6.6147836e-01  0.0000000e+00
  6.4817189e-01  0.0000000e+00
  6.3468229e-01  0.0000000e+00
  6.2119270e-01  0.0000000e+00
  6.0751999e-01  0.0000000e+00
  5.9378624e-01  0.0000000e+00
  5.8011353e-01  0.0000000e+00
  5.6619667e-01  0.0000000e+00
  5.5240188e-01  0.0000000e+00
  5.3848501e-01  0.0000000e+00
  5.2462919e-01  0.0000000e+00
  5.1071232e-01  0.0000000e+00
  4.9667338e-01  0.0000000e+00
  4.8281755e-01  0.0000000e+00
  4.6902277e-01  0.0000000e+00
  4.5510590e-01  0.0000000e+00
  4.4131112e-01  0.0000000e+00
  4.2757737e-01  0.0000000e+00
  4.1390466e-01  0.0000000e+00
  4.0029299e-01  0.0000000e+00
  3.8668132e-01  0.0000000e+00
  3.7331380e-01  0.0000000e+00
  3.5988525e-01  0.0000000e+00
  3.4670085e-01  0.0000000e+00
  3.3351645e-01  0.0000000e+00
  3.2051517e-01  0.0000000e+00
  3.0757493e-01  0.0000000e+00
  2.9487884e-01  0.0000000e+00
  2.8230483e-01  0.0000000e+00
  2.6979186e-01  0.0000000e+00
  2.5752304e-01  0.0000000e+00
  2.4537630e-01  0.0000000e+00
  2.3347372e-01  0.0000000e+00
  2.2169322e-01  0.0000000e+00
  2.1009583e-01  0.0000000e+00
  1.9868156e-01  0.0000000e+00
  1.8751144e-01  0.0000000e+00
  1.7652445e-01  0.0000000e+00
  1.6572056e-01  0.0000000e+00
  1.5509980e-01  0.0000000e+00
  1.4472319e-01  0.0000000e+00
  1.3452970e-01  0.0000000e+00
  1.2451932e-01  0.0000000e+00
  1.1481414e-01  0.0000000e+00
  1.0529207e-01  0.0000000e+00
  9.6014161e-02  0.0000000e+00
  8.6980407e-02  0.0000000e+00
  7.8190808e-02  0.0000000e+00
  6.9584325e-02  0.0000000e+00
  6.1221998e-02  0.0000000e+00
  5.3103827e-02  0.0000000e+00
  4.5229811e-02  0.0000000e+00
  3.7599951e-02  0.0000000e+00
  3.0214246e-02  0.0000000e+00
  2.3072697e-02  0.0000000e+00
  1.6114265e-02  0.0000000e+00
  9.5220656e-03  0.0000000e+00
