  6.4988606e-06  1.8000000e+02
  1.4297493e-05  1.8000000e+02
  2.5085602e-05  1.8000000e+02
  3.8603232e-05  1.8000000e+02
  5.4590429e-05  1.8000000e+02
  7.2787239e-05  1.8000000e+02
  9.2803730e-05  1.8000000e+02
  1.1437995e-04  1.8000000e+02
  1.3686600e-04  1.8000000e+02
  1.5974199e-04  1.8000000e+02
  1.8235803e-04  1.8000000e+02
  2.0406422e-04  1.8000000e+02
  2.2447065e-04  1.8000000e+02
  2.4266746e-04  1.8000000e+02
  2.5787479e-04  1.8000000e+02
  2.6983269e-04  1.8000000e+02
  2.7763133e-04  1.8000000e+02
  2.8049082e-04  1.8000000e+02
  2.7815123e-04  1.8000000e+02
  2.7009265e-04  1.8000000e+02
  2.5579515e-04  1.8000000e+02
  2.3499880e-04  1.8000000e+02
  2.0757361e-04  1.8000000e+02
  1.7338960e-04  1.8000000e+02
  1.3244678e-04  1.8000000e+02
  8.4875120e-05  1.8000000e+02
  3.1194531e-05  1.8000000e+02
  2.8335032e-05  0.0000000e+00
  9.3193661e-05  0.0000000e+00
  1.6273147e-04  0.0000000e+00
  2.3590864e-04  0.0000000e+00
  3.1207529e-04  0.0000000e+00
  3.8993164e-04  0.0000000e+00
  4.6856785e-04  0.0000000e+00
  5.4655418e-04  0.0000000e+00
  6.2298078e-04  0.0000000e+00
  6.9602797e-04  0.0000000e+00
  7.6504587e-04  0.0000000e+00
  8.2808482e-04  0.0000000e+00
  8.8410500e-04  0.0000000e+00
  9.3167666e-04  0.0000000e+00
  9.6988996e-04  0.0000000e+00
  9.9757511e-04  0.0000000e+00
  1.0134323e-03  0.0000000e+00
  1.0168117e-03  0.0000000e+00
  1.0073234e-03  0.0000000e+00
  9.8392750e-04  0.0000000e+00
  9.4623411e-04  0.0000000e+00
  8.9450318e-04  0.0000000e+00
  8.2847475e-04  0.0000000e+00
  7.4866874e-04  0.0000000e+00
  6.5508515e-04  0.0000000e+00
  5.4902375e-04  0.0000000e+00
  4.3100444e-04  0.0000000e+00
  3.0232700e-04  0.0000000e+00
  1.6416122e-04  0.0000000e+00
  1.8196810e-05  0.0000000e+00
  1.3400651e-04  1.8000000e+02
  2.9075902e-04  1.8000000e+02
  4.4985113e-04  1.8000000e+02
  6.0933317e-04  1.8000000e+02
  7.6712551e-04  1.8000000e+02
  9.2088855e-04  1.8000000e+02
  1.0688026e-03  1.8000000e+02
  1.2082682e-03  1.8000000e+02
  1.3378554e-03  1.8000000e+02
  1.4548349e-03  1.8000000e+02
  1.5577769e-03  1.8000000e+02
  1.6448616e-03  1.8000000e+02
  1.7142695e-03  1.8000000e+02
  1.7649606e-03  1.8000000e+02
  1.7956352e-03  1.8000000e+02
  1.8053835e-03  1.8000000e+02
  1.7938155e-03  1.8000000e+02
  1.7605413e-03  1.8000000e+02
  1.7054310e-03  1.8000000e+02
  1.6286145e-03  1.8000000e+02
  1.5308716e-03  1.8000000e+02
  1.4131123e-03  1.8000000e+02
  1.2762463e-03  1.8000000e+02
  1.1218333e-03  1.8000000e+02
  9.5156317e-04  1.8000000e+02
  7.6725549e-04  1.8000000e+02
  5.7124985e-04  1.8000000e+02
  3.6562590e-04  1.8000000e+02
  1.5311316e-04  1.8000000e+02
  6.3818811e-05  0.0000000e+00
  2.8257046e-04  0.0000000e+00
  5.0015231e-04  0.0000000e+00
  7.1396483e-04  0.0000000e+00
  9.2140846e-04  0.0000000e+00
  1.1196237e-03  0.0000000e+00
  1.3058811e-03  0.0000000e+00
  1.4781009e-03  0.0000000e+00
  1.6340735e-03  0.0000000e+00
  1.7717194e-03  0.0000000e+00
  1.8888289e-03  0.0000000e+00
  1.9843621e-03  0.0000000e+00
  2.0568894e-03  0.0000000e+00
  2.1053709e-03  0.0000000e+00
  2.1294167e-03  0.0000000e+00
  2.1285068e-03  0.0000000e+00
  2.1029013e-03  0.0000000e+00
  2.0526001e-03  0.0000000e+00
  1.9787731e-03  0.0000000e+00
  1.8818101e-03  0.0000000e+00
  1.7634008e-03  0.0000000e+00
  1.6252351e-03  0.0000000e+00
  1.4691324e-03  0.0000000e+00
  1.2967827e-03  0.0000000e+00
  1.1106553e-03  0.0000000e+00
  9.1334987e-04  0.0000000e+00
  7.0720601e-04  0.0000000e+00
  4.9495323e-04  0.0000000e+00
  2.7932103e-04  0.0000000e+00
  6.3038948e-05  0.0000000e+00
  1.5116350e-04  1.8000000e+02
  3.6068676e-04  1.8000000e+02
  5.6293131e-04  1.8000000e+02
  7.5542756e-04  1.8000000e+02
  9.3596591e-04  1.8000000e+02
  1.1024667e-03  1.8000000e+02
  1.2531103e-03  1.8000000e+02
  1.3863369e-03  1.8000000e+02
  1.5005869e-03  1.8000000e+02
  1.5948204e-03  1.8000000e+02
  1.6683875e-03  1.8000000e+02
  1.7207683e-03  1.8000000e+02
  1.7518329e-03  1.8000000e+02
  1.7615812e-03  1.8000000e+02
  1.7501432e-03  1.8000000e+02
  1.7186887e-03  1.8000000e+02
  1.6677376e-03  1.8000000e+02
  1.5984598e-03  1.8000000e+02
  1.5125448e-03  1.8000000e+02
  1.4110326e-03  1.8000000e+02
  1.2962627e-03  1.8000000e+02
  1.1696649e-03  1.8000000e+02
  1.0334488e-03  1.8000000e+02
  8.8956404e-04  1.8000000e+02
  7.4009025e-04  1.8000000e+02
  5.8723705e-04  1.8000000e+02
  4.3308407e-04  1.8000000e+02
  2.7958098e-04  1.8000000e+02
  1.2880742e-04  1.8000000e+02
  1.7416946e-05  0.0000000e+00
  1.5740240e-04  0.0000000e+00
  2.8932928e-04  0.0000000e+00
  4.1202776e-04  0.0000000e+00
  5.2419810e-04  0.0000000e+00
  6.2467048e-04  0.0000000e+00
  7.1292501e-04  0.0000000e+00
  7.8792186e-04  0.0000000e+00
  8.4953106e-04  0.0000000e+00
  8.9749265e-04  0.0000000e+00
  9.3141671e-04  0.0000000e+00
  9.5234304e-04  0.0000000e+00
  9.6014167e-04  0.0000000e+00
  9.5520254e-04  0.0000000e+00
  9.3869543e-04  0.0000000e+00
  9.1127024e-04  0.0000000e+00
  8.7383680e-04  0.0000000e+00
  8.2769489e-04  0.0000000e+00
  7.7362437e-04  0.0000000e+00
  7.1344492e-04  0.0000000e+00
  6.4780643e-04  0.0000000e+00
  5.7852857e-04  0.0000000e+00
  5.0652120e-04  0.0000000e+00
  4.3321405e-04  0.0000000e+00
  3.5951697e-04  0.0000000e+00
  2.8711966e-04  0.0000000e+00
  2.1654204e-04  0.0000000e+00
  1.4882391e-04  0.0000000e+00
  8.5005097e-05  0.0000000e+00
  2.5735488e-05  0.0000000e+00
  2.8335032e-05  1.8000000e+02
  7.6686555e-05  1.8000000e+02
  1.1918910e-04  1.8000000e+02
  1.5532277e-04  1.8000000e+02
  1.8521753e-04  1.8000000e+02
  2.0874340e-04  1.8000000e+02
  2.2603037e-04  1.8000000e+02
  2.3733839e-04  1.8000000e+02
  2.4292741e-04  1.8000000e+02
  2.4331734e-04  1.8000000e+02
  2.3889812e-04  1.8000000e+02
  2.3031962e-04  1.8000000e+02
  2.1810176e-04  1.8000000e+02
  2.0289443e-04  1.8000000e+02
  1.8534751e-04  1.8000000e+02
  1.6624085e-04  1.8000000e+02
  1.4583443e-04  1.8000000e+02
  1.2503808e-04  1.8000000e+02
  1.0437170e-04  1.8000000e+02
  8.4485188e-05  1.8000000e+02
  6.5768470e-05  1.8000000e+02
  4.8611478e-05  1.8000000e+02
  3.3534121e-05  1.8000000e+02
  2.0536400e-05  1.8000000e+02
  1.0398177e-05  1.8000000e+02
