  1.0138223e-05  0.0000000e+00
  1.7156992e-05  0.0000000e+00
  2.4565693e-05  0.0000000e+00
  3.2169360e-05  0.0000000e+00
  4.0032981e-05  0.0000000e+00
  4.8156557e-05  0.0000000e+00
  5.6540087e-05  0.0000000e+00
  6.5183572e-05  0.0000000e+00
  7.4087011e-05  0.0000000e+00
  8.3250405e-05  0.0000000e+00
  9.2608764e-05  0.0000000e+00
  1.0222708e-04  0.0000000e+00
  1.1210535e-04  0.0000000e+00
  1.2224357e-04  0.0000000e+00
  1.3257676e-04  0.0000000e+00
  1.4323489e-04  0.0000000e+00
  1.5408799e-04  0.0000000e+00
  1.6513605e-04  0.0000000e+00
  1.7644407e-04  0.0000000e+00
  1.8794705e-04  0.0000000e+00
  1.9964500e-04  0.0000000e+00
  2.1153791e-04  0.0000000e+00
  2.2369078e-04  0.0000000e+00
  2.3603862e-04  0.0000000e+00
  2.4858142e-04  0.0000000e+00
  2.6125420e-04  0.0000000e+00
  2.7418693e-04  0.0000000e+00
  2.8724964e-04  0.0000000e+00
  3.0057230e-04  0.0000000e+00
  3.1395996e-04  0.0000000e+00
  3.2747759e-04  0.0000000e+00
  3.4125517e-04  0.0000000e+00
  3.5509774e-04  0.0000000e+00
  3.6913528e-04  0.0000000e+00
  3.8317282e-04  0.0000000e+00
  3.9747032e-04  0.0000000e+00
  4.1170282e-04  0.0000000e+00
  4.2619528e-04  0.0000000e+00
  4.4068774e-04  0.0000000e+00
  4.5524519e-04  0.0000000e+00
  4.6986762e-04  0.0000000e+00
  4.8455505e-04  0.0000000e+00
  4.9937245e-04  0.0000000e+00
  5.1405988e-04  0.0000000e+00
  5.2881229e-04  0.0000000e+00
  5.4375967e-04  0.0000000e+00
  5.5857707e-04  0.0000000e+00
  5.7332948e-04  0.0000000e+00
  5.8814689e-04  0.0000000e+00
  6.0283431e-04  0.0000000e+00
  6.1765171e-04  0.0000000e+00
  6.3220916e-04  0.0000000e+00
  6.4683160e-04  0.0000000e+00
  6.6138905e-04  0.0000000e+00
  6.7575153e-04  0.0000000e+00
  6.9011401e-04  0.0000000e+00
  7.0428153e-04  0.0000000e+00
  7.1844904e-04  0.0000000e+00
  7.3242159e-04  0.0000000e+00
  7.4626417e-04  0.0000000e+00
  7.5991177e-04  0.0000000e+00
  7.7342940e-04  0.0000000e+00
  7.8668708e-04  0.0000000e+00
  7.9981478e-04  0.0000000e+00
  8.1268252e-04  0.0000000e+00
  8.2548528e-04  0.0000000e+00
  8.3789810e-04  0.0000000e+00
  8.5018095e-04  0.0000000e+00
  8.6220384e-04  0.0000000e+00
  8.7390179e-04  0.0000000e+00
  8.8540477e-04  0.0000000e+00
  8.9658281e-04  0.0000000e+00
  9.0743591e-04  0.0000000e+00
  9.1809404e-04  0.0000000e+00
  9.2842723e-04  0.0000000e+00
  9.3843547e-04  0.0000000e+00
  9.4811878e-04  0.0000000e+00
  9.5741215e-04  0.0000000e+00
  9.6644556e-04  0.0000000e+00
  9.7508905e-04  0.0000000e+00
  9.8334260e-04  0.0000000e+00
  9.9127121e-04  0.0000000e+00
  9.9880989e-04  0.0000000e+00
  1.0059586e-03  0.0000000e+00
  1.0127824e-03  0.0000000e+00
  1.0191513e-03  0.0000000e+00
  1.0251303e-03  0.0000000e+00
  1.0307193e-03  0.0000000e+00
  1.0358534e-03  0.0000000e+00
  1.0406626e-03  0.0000000e+00
  1.0450168e-03  0.0000000e+00
  1.0489811e-03  0.0000000e+00
  1.0523605e-03  0.0000000e+00
  1.0554150e-03  0.0000000e+00
  1.0580795e-03  0.0000000e+00
  1.0603541e-03  0.0000000e+00
  1.0620438e-03  0.0000000e+00
  1.0634086e-03  0.0000000e+00
  1.0642534e-03  0.0000000e+00
  1.0647083e-03  0.0000000e+00
  1.0647083e-03  0.0000000e+00
  1.0642534e-03  0.0000000e+00
  1.0634086e-03  0.0000000e+00
  1.0620438e-03  0.0000000e+00
  1.0603541e-03  0.0000000e+00
  1.0580795e-03  0.0000000e+00
  1.0554150e-03  0.0000000e+00
  1.0523605e-03  0.0000000e+00
  1.0489811e-03  0.0000000e+00
  1.0450168e-03  0.0000000e+00
  1.0406626e-03  0.0000000e+00
  1.0358534e-03  0.0000000e+00
  1.0307193e-03  0.0000000e+00
  1.0251303e-03  0.0000000e+00
  1.0191513e-03  0.0000000e+00
  1.0127824e-03  0.0000000e+00
  1.0059586e-03  0.0000000e+00
  9.9880989e-04  0.0000000e+00
  9.9127121e-04  0.0000000e+00
  9.8334260e-04  0.0000000e+00
  9.7508905e-04  0.0000000e+00
  9.6644556e-04  0.0000000e+00
  9.5741215e-04  0.0000000e+00
  9.4811878e-04  0.0000000e+00
  9.3843547e-04  0.0000000e+00
  9.2842723e-04  0.0000000e+00
  9.1809404e-04  0.0000000e+00
  9.0743591e-04  0.0000000e+00
  8.9658281e-04  0.0000000e+00
  8.8540477e-04  0.0000000e+00
  8.7390179e-04  0.0000000e+00
  8.6220384e-04  0.0000000e+00
  8.5018095e-04  0.0000000e+00
  8.3789810e-04  0.0000000e+00
  8.2548528e-04  0.0000000e+00
  8.1268252e-04  0.0000000e+00
  7.9981478e-04  0.0000000e+00
  7.8668708e-04  0.0000000e+00
  7.7342940e-04  0.0000000e+00
  7.5991177e-04  0.0000000e+00
  7.4626417e-04  0.0000000e+00
  7.3242159e-04  0.0000000e+00
  7.1844904e-04  0.0000000e+00
  7.0428153e-04  0.0000000e+00
  6.9011401e-04  0.0000000e+00
  6.7575153e-04  0.0000000e+00
  6.6138905e-04  0.0000000e+00
  6.4683160e-04  0.0000000e+00
  6.3220916e-04  0.0000000e+00
  6.1765171e-04  0.0000000e+00
  6.0283431e-04  0.0000000e+00
  5.8814689e-04  0.0000000e+00
  5.7332948e-04  0.0000000e+00
  5.5857707e-04  0.0000000e+00
  5.4375967e-04  0.0000000e+00
  5.2881229e-04  0.0000000e+00
  5.1405988e-04  0.0000000e+00
  4.9937245e-04  0.0000000e+00
  4.8455505e-04  0.0000000e+00
  4.6986762e-04  0.0000000e+00
  4.5524519e-04  0.0000000e+00
  4.4068774e-04  0.0000000e+00
  4.2619528e-04  0.0000000e+00
  4.1170282e-04  0.0000000e+00
  3.9747032e-04  0.0000000e+00
  3.8317282e-04  0.0000000e+00
  3.6913528e-04  0.0000000e+00
  3.5509774e-04  0.0000000e+00
  3.4125517e-04  0.0000000e+00
  3.2747759e-04  0.0000000e+00
  3.1395996e-04  0.0000000e+00
  3.0057230e-04  0.0000000e+00
  2.8724964e-04  0.0000000e+00
  2.7418693e-04  0.0000000e+00
  2.6125420e-04  0.0000000e+00
  2.4858142e-04  0.0000000e+00
  2.3603862e-04  0.0000000e+00
  2.2369078e-04  0.0000000e+00
  2.1153791e-04  0.0000000e+00
  1.9964500e-04  0.0000000e+00
  1.8794705e-04  0.0000000e+00
  1.7644407e-04  0.0000000e+00
  1.6513605e-04  0.0000000e+00
  1.5408799e-04  0.0000000e+00
  1.4323489e-04  0.0000000e+00
  1.3257676e-04  0.0000000e+00
  1.2224357e-04  0.0000000e+00
  1.1210535e-04  0.0000000e+00
  1.0222708e-04  0.0000000e+00
  9.2608764e-05  0.0000000e+00
  8.3250405e-05  0.0000000e+00
  7.4087011e-05  0.0000000e+00
  6.5183572e-05  0.0000000e+00
  5.6540087e-05  0.0000000e+00
  4.8156557e-05  0.0000000e+00
  4.0032981e-05  0.0000000e+00
  3.2169360e-05  0.0000000e+00
  2.4565693e-05  0.0000000e+00
  1.7156992e-05  0.0000000e+00
  1.0138223e-05  0.0000000e+00
