  0.0000000e+00  0.0000000e+00
  3.6623329e-04 -1.4231459e+02
  1.5870109e-03 -1.6019044e+02
  3.5402551e-03 -1.7805530e+02
  6.2259659e-03  1.6411280e+02
  9.7662211e-03  1.4625893e+02
  1.3977904e-02  1.2842703e+02
  1.9044131e-02  1.1060612e+02
  2.4781786e-02  9.2807178e+01
  3.1251907e-02  7.5030214e+01
  3.8454496e-02  5.7275224e+01
  4.6328511e-02  3.9553195e+01
  5.4873955e-02  2.1853140e+01
  6.4151865e-02  4.1970335e+00
  7.3979125e-02 -1.3426112e+01
  8.4477812e-02 -3.1005310e+01
  9.5586889e-02 -4.8551547e+01
  1.0724532e-01 -6.6042849e+01
  1.1945309e-01 -8.3490203e+01
  1.3221022e-01 -1.0088262e+02
  1.4545566e-01 -1.1823109e+02
  1.5918940e-01 -1.3551364e+02
  1.7328939e-01 -1.5274126e+02
  1.8787768e-01 -1.6990295e+02
  2.0283220e-01  1.7302326e+02
  2.1809192e-01  1.5599341e+02
  2.3377892e-01  1.3902948e+02
  2.4964903e-01  1.2214246e+02
  2.6588537e-01  1.0533236e+02
  2.8230483e-01  8.8599158e+01
  2.9890740e-01  7.1942868e+01
  3.1569310e-01  5.5385461e+01
  3.3266191e-01  3.8893975e+01
  3.4975279e-01  2.2512360e+01
  3.6690472e-01  6.2076543e+00
  3.8411768e-01 -9.9981688e+00
  4.0133065e-01 -2.6116096e+01
  4.1860465e-01 -4.2124153e+01
  4.3581762e-01 -5.8033327e+01
  4.5296954e-01 -7.3843618e+01
  4.7006043e-01 -8.9544040e+01
  4.8709028e-01 -1.0513459e+02
  5.0393701e-01 -1.2061527e+02
  5.2072270e-01 -1.3598608e+02
  5.3726424e-01 -1.5123604e+02
  5.5362266e-01 -1.6637612e+02
  5.6979796e-01  1.7863761e+02
  5.8572911e-01  1.6373924e+02
  6.0147714e-01  1.4896173e+02
  6.1691998e-01  1.3431606e+02
  6.3205762e-01  1.1980223e+02
  6.4695111e-01  1.0540927e+02
  6.6153940e-01  9.1148141e+01
  6.7582250e-01  7.7018861e+01
  6.8973936e-01  6.3032412e+01
  7.0341207e-01  4.9166819e+01
  7.1665751e-01  3.5455045e+01
  7.2959775e-01  2.1864127e+01
  7.4217176e-01  8.4270280e+00
  7.5444058e-01 -4.8672404e+00
  7.6628212e-01 -1.8029665e+01
  7.7775743e-01 -3.1038271e+01
  7.8892755e-01 -4.3915034e+01
  7.9967039e-01 -5.6637978e+01
  8.1004700e-01 -6.9207105e+01
  8.2011842e-01 -8.1633400e+01
  8.2976256e-01 -9.3916865e+01
  8.3910151e-01 -1.0604651e+02
  8.4801318e-01 -1.1802234e+02
  8.5661967e-01 -1.2984435e+02
  8.6485992e-01 -1.4152353e+02
  8.7273393e-01 -1.5304889e+02
  8.8030275e-01 -1.6442044e+02
  8.8756638e-01 -1.7563816e+02
  8.9446377e-01  1.7331990e+02
  9.0099493e-01  1.6239883e+02
  9.0728194e-01  1.5164256e+02
  9.1326375e-01  1.4102912e+02
  9.1887933e-01  1.3058048e+02
  9.2425075e-01  1.2027467e+02
  9.2937801e-01  1.1013368e+02
  9.3420009e-01  1.0013551e+02
  9.3877800e-01  9.0291155e+01
  9.4305072e-01  8.0600623e+01
  9.4714033e-01  7.1052921e+01
  9.5098578e-01  6.1670024e+01
  9.5458707e-01  5.2429958e+01
  9.5794421e-01  4.3343710e+01
  9.6111823e-01  3.4400293e+01
  9.6410914e-01  2.5610694e+01
  9.6691693e-01  1.6963926e+01
  9.6954160e-01  8.4709760e+00
  9.7198315e-01  1.0986999e-01
  9.7424159e-01 -8.0974181e+00
  9.7637795e-01 -1.6150888e+01
  9.7833120e-01 -2.4072514e+01
  9.8022340e-01 -3.1851309e+01
  9.8187145e-01 -3.9498260e+01
  9.8345846e-01 -4.6991394e+01
  9.8492340e-01 -5.4352683e+01
  9.8626625e-01 -6.1582128e+01
  9.8754807e-01 -6.8668742e+01
  9.8870781e-01 -7.5623512e+01
  9.8974547e-01 -8.2446438e+01
  9.9072209e-01 -8.9137521e+01
  9.9163767e-01 -9.5696759e+01
  9.9243118e-01 -1.0212415e+02
  9.9316365e-01 -1.0843069e+02
  9.9383507e-01 -1.1461637e+02
  9.9450650e-01 -1.2067021e+02
  9.9505585e-01 -1.2660319e+02
  9.9554416e-01 -1.3241531e+02
  9.9603247e-01 -1.3810657e+02
  9.9645974e-01 -1.4368797e+02
  9.9688702e-01 -1.4914851e+02
  9.9719221e-01 -1.5449918e+02
  9.9749741e-01 -1.5972899e+02
  9.9780260e-01 -1.6485992e+02
  9.9804676e-01 -1.6986999e+02
  9.9829091e-01 -1.7478118e+02
  9.9847403e-01 -1.7958249e+02
  9.9865714e-01  1.7573704e+02
  9.9884026e-01  1.7114448e+02
  9.9902338e-01  1.6663981e+02
  9.9914546e-01  1.6224501e+02
  9.9926753e-01  1.5794909e+02
  9.9932857e-01  1.5374107e+02
  9.9945065e-01  1.4962095e+02
  9.9951169e-01  1.4559971e+02
  9.9957273e-01  1.4166636e+02
  9.9963377e-01  1.3783190e+02
  9.9969481e-01  1.3407435e+02
  9.9975584e-01  1.3039370e+02
  9.9981688e-01  1.2681194e+02
  9.9981688e-01  1.2329610e+02
  9.9987792e-01  1.1986816e+02
  9.9987792e-01  1.1651712e+02
  9.9993896e-01  1.1324300e+02
  9.9993896e-01  1.1004578e+02
  9.9993896e-01  1.0692547e+02
  1.0000000e+00  1.0387109e+02
  1.0000000e+00  1.0088262e+02
  1.0000000e+00  9.7971068e+01
  1.0000000e+00  9.5114448e+01
  1.0000000e+00  9.2334737e+01
  1.0000000e+00  8.9609962e+01
  1.0000305e+00  8.6962095e+01
  1.0000305e+00  8.4358176e+01
  1.0000305e+00  8.1820179e+01
  1.0000305e+00  7.9348105e+01
  1.0000305e+00  7.6930965e+01
  1.0000305e+00  7.4557773e+01
  1.0000305e+00  7.2250504e+01
  1.0000305e+00  6.9998169e+01
  1.0000305e+00  6.7789782e+01
  1.0000305e+00  6.5636330e+01
  1.0000305e+00  6.3526827e+01
  1.0000305e+00  6.1472258e+01
  1.0000305e+00  5.9461637e+01
  1.0000305e+00  5.7494964e+01
  1.0000305e+00  5.5583227e+01
  1.0000305e+00  5.3704450e+01
  1.0000305e+00  5.1880608e+01
  1.0000305e+00  5.0089727e+01
  1.0000305e+00  4.8342794e+01
  1.0000305e+00  4.6628823e+01
  1.0000305e+00  4.4969786e+01
  1.0000305e+00  4.3332723e+01
  1.0000305e+00  4.1750595e+01
  1.0000305e+00  4.0190441e+01
  1.0000305e+00  3.8674235e+01
  1.0000305e+00  3.7201978e+01
  1.0000305e+00  3.5751694e+01
  1.0000305e+00  3.4334371e+01
  1.0000305e+00  3.2960996e+01
  1.0000305e+00  3.1620582e+01
  1.0000305e+00  3.0302142e+01
  1.0000305e+00  2.9027651e+01
  1.0000305e+00  2.7775133e+01
  1.0000305e+00  2.6555576e+01
  1.0000305e+00  2.5379967e+01
  1.0000305e+00  2.4215345e+01
  1.0000305e+00  2.3094671e+01
  1.0000305e+00  2.1995971e+01
  1.0000305e+00  2.0930233e+01
  1.0000305e+00  1.9886468e+01
  1.0000305e+00  1.8875664e+01
  1.0000305e+00  1.7897821e+01
  1.0000305e+00  1.6941952e+01
  1.0000305e+00  1.6019044e+01
  1.0000305e+00  1.5118110e+01
  1.0000305e+00  1.4250137e+01
  1.0000305e+00  1.3404138e+01
  1.0000305e+00  1.2580114e+01
  1.0000305e+00  1.1789050e+01
  1.0000305e+00  1.1030947e+01
  1.0000305e+00  1.0283831e+01
  1.0000305e+00  9.5696759e+00
  1.0000305e+00  8.8884820e+00
  1.0000305e+00  8.2292620e+00
  1.0000305e+00  7.5920161e+00
  1.0000305e+00  6.9877312e+00
  1.0000305e+00  6.4054203e+00
  1.0000305e+00  5.8450833e+00
  1.0000305e+00  5.3067204e+00
  1.0000305e+00  4.8013184e+00
  1.0000305e+00  4.3288775e+00
  1.0000305e+00  3.8674235e+00
  1.0000305e+00  3.4389306e+00
  1.0000305e+00  3.0324116e+00
  1.0000305e+00  2.6588537e+00
  1.0000305e+00  2.2962827e+00
  1.0000305e+00  1.9666728e+00
  1.0000305e+00  1.6700238e+00
  1.0000305e+00  1.3953488e+00
  1.0000305e+00  1.1426479e+00
  1.0000305e+00  9.1192089e-01
  1.0000305e+00  7.0316792e-01
  1.0000305e+00  5.2737594e-01
  1.0000305e+00  3.8454496e-01
  1.0000305e+00  2.5270097e-01
  1.0000305e+00  1.5381798e-01
  1.0000305e+00  7.6908991e-02
  1.0000305e+00  2.1973997e-02
  1.0000305e+00  0.0000000e+00
  1.0000305e+00  0.0000000e+00
  1.0000305e+00  2.1973997e-02
  1.0000305e+00  7.6908991e-02
  1.0000305e+00  1.5381798e-01
  1.0000305e+00  2.5270097e-01
  1.0000305e+00  3.8454496e-01
  1.0000305e+00  5.2737594e-01
  1.0000305e+00  7.0316792e-01
  1.0000305e+00  9.1192089e-01
  1.0000305e+00  1.1426479e+00
  1.0000305e+00  1.3953488e+00
  1.0000305e+00  1.6700238e+00
  1.0000305e+00  1.9666728e+00
  1.0000305e+00  2.2962827e+00
  1.0000305e+00  2.6588537e+00
  1.0000305e+00  3.0324116e+00
  1.0000305e+00  3.4389306e+00
  1.0000305e+00  3.8674235e+00
  1.0000305e+00  4.3288775e+00
  1.0000305e+00  4.8013184e+00
  1.0000305e+00  5.3067204e+00
  1.0000305e+00  5.8450833e+00
  1.0000305e+00  6.3944333e+00
  1.0000305e+00  6.9877312e+00
  1.0000305e+00  7.5920161e+00
  1.0000305e+00  8.2292620e+00
  1.0000305e+00  8.8884820e+00
  1.0000305e+00  9.5696759e+00
  1.0000305e+00  1.0283831e+01
  1.0000305e+00  1.1019960e+01
  1.0000305e+00  1.1789050e+01
  1.0000305e+00  1.2580114e+01
  1.0000305e+00  1.3393151e+01
  1.0000305e+00  1.4239150e+01
  1.0000305e+00  1.5107123e+01
  1.0000305e+00  1.6008057e+01
  1.0000305e+00  1.6930965e+01
  1.0000305e+00  1.7886834e+01
  1.0000305e+00  1.8864677e+01
  1.0000305e+00  1.9875481e+01
  1.0000305e+00  2.0908259e+01
  1.0000305e+00  2.1973997e+01
  1.0000305e+00  2.3061710e+01
  1.0000305e+00  2.4193371e+01
  1.0000305e+00  2.5347006e+01
  1.0000305e+00  2.6522615e+01
  1.0000305e+00  2.7742172e+01
  1.0000305e+00  2.8983703e+01
  1.0000305e+00  3.0258194e+01
  1.0000305e+00  3.1565647e+01
  1.0000305e+00  3.2906061e+01
  1.0000305e+00  3.4268449e+01
  1.0000305e+00  3.5674785e+01
  1.0000305e+00  3.7114082e+01
  1.0000305e+00  3.8586339e+01
  1.0000305e+00  4.0102545e+01
  1.0000305e+00  4.1640725e+01
  1.0000305e+00  4.3222853e+01
  1.0000305e+00  4.4848929e+01
  1.0000305e+00  4.6507966e+01
  1.0000305e+00  4.8199963e+01
  1.0000305e+00  4.9935909e+01
  1.0000305e+00  5.1715803e+01
  1.0000305e+00  5.3528658e+01
  1.0000305e+00  5.5385461e+01
  1.0000305e+00  5.7297198e+01
  1.0000305e+00  5.9241897e+01
  1.0000305e+00  6.1241531e+01
  1.0000305e+00  6.3274126e+01
  1.0000305e+00  6.5372642e+01
  1.0000305e+00  6.7504120e+01
  1.0000305e+00  6.9690533e+01
  1.0000305e+00  7.1931881e+01
  1.0000305e+00  7.4217176e+01
  1.0000305e+00  7.6568394e+01
  1.0000305e+00  7.8963560e+01
  1.0000305e+00  8.1424648e+01
  1.0000305e+00  8.3929683e+01
  1.0000305e+00  8.6500641e+01
  1.0000000e+00  8.9137521e+01
  1.0000000e+00  9.1829335e+01
  1.0000000e+00  9.4587072e+01
  1.0000000e+00  9.7410731e+01
  1.0000000e+00  1.0028932e+02
  1.0000000e+00  1.0324483e+02
  9.9993896e-01  1.0627724e+02
  9.9993896e-01  1.0936459e+02
  9.9993896e-01  1.1252884e+02
  9.9987792e-01  1.1577001e+02
  9.9987792e-01  1.1908808e+02
  9.9981688e-01  1.2248306e+02
  9.9981688e-01  1.2595495e+02
  9.9975584e-01  1.2950375e+02
  9.9969481e-01  1.3314045e+02
  9.9963377e-01  1.3685406e+02
  9.9957273e-01  1.4065556e+02
  9.9951169e-01  1.4454496e+02
  9.9945065e-01  1.4853324e+02
  9.9932857e-01  1.5259843e+02
  9.9926753e-01  1.5676250e+02
  9.9914546e-01  1.6101447e+02
  9.9902338e-01  1.6536532e+02
  9.9884026e-01  1.6981505e+02
  9.9865714e-01  1.7436367e+02
  9.9847403e-01  1.7901117e+02
  9.9829091e-01 -1.7625343e+02
  9.9804676e-01 -1.7139718e+02
  9.9780260e-01 -1.6643106e+02
  9.9749741e-01 -1.6135506e+02
  9.9719221e-01 -1.5618019e+02
  9.9688702e-01 -1.5088445e+02
  9.9645974e-01 -1.4547885e+02
  9.9603247e-01 -1.3995239e+02
  9.9554416e-01 -1.3431606e+02
  9.9505585e-01 -1.2855887e+02
  9.9450650e-01 -1.2268083e+02
  9.9383507e-01 -1.1668193e+02
  9.9316365e-01 -1.1056217e+02
  9.9243118e-01 -1.0431057e+02
  9.9163767e-01 -9.7938107e+01
  9.9072209e-01 -9.1444790e+01
  9.8974547e-01 -8.4808643e+01
  9.8870781e-01 -7.8051639e+01
  9.8754807e-01 -7.1151804e+01
  9.8626625e-01 -6.4131112e+01
  9.8492340e-01 -5.6967588e+01
  9.8345846e-01 -4.9661234e+01
  9.8187145e-01 -4.2223036e+01
  9.8022340e-01 -3.4652994e+01
  9.7833120e-01 -2.6929134e+01
  9.7637795e-01 -1.9073430e+01
  9.7424159e-01 -1.1074895e+01
  9.7198315e-01 -2.9225417e+00
  9.6954160e-01  5.3616554e+00
  9.6691693e-01  1.3799670e+01
  9.6410914e-01  2.2391503e+01
  9.6111823e-01  3.1115180e+01
  9.5794421e-01  4.0003662e+01
  9.5458707e-01  4.9023988e+01
  9.5098578e-01  5.8209119e+01
  9.4714033e-01  6.7537081e+01
  9.4305072e-01  7.7029848e+01
  9.3877800e-01  8.6665446e+01
  9.3420009e-01  9.6443875e+01
  9.2937801e-01  1.0638711e+02
  9.2425075e-01  1.1648416e+02
  9.1887933e-01  1.2673503e+02
  9.1326375e-01  1.3713972e+02
  9.0728194e-01  1.4769822e+02
  9.0099493e-01  1.5841055e+02
  8.9446377e-01  1.6927669e+02
  8.8756638e-01 -1.7972533e+02
  8.8030275e-01 -1.6855155e+02
  8.7273393e-01 -1.5722395e+02
  8.6485992e-01 -1.4574254e+02
  8.5661967e-01 -1.3410731e+02
  8.4801318e-01 -1.2231826e+02
  8.3910151e-01 -1.1037539e+02
  8.2976256e-01 -9.8278704e+01
  8.2011842e-01 -8.6039187e+01
  8.1004700e-01 -7.3634865e+01
  7.9967039e-01 -6.1087713e+01
  7.8892755e-01 -4.8397729e+01
  7.7775743e-01 -3.5553928e+01
  7.6628212e-01 -2.2556308e+01
  7.5444058e-01 -9.4158579e+00
  7.4217176e-01  3.8674235e+00
  7.2959775e-01  1.7293536e+01
  7.1665751e-01  3.0862479e+01
  7.0341207e-01  4.4574254e+01
  6.8973936e-01  5.8428859e+01
  6.7582250e-01  7.2415309e+01
  6.6153940e-01  8.6544589e+01
  6.4695111e-01  1.0080571e+02
  6.3205762e-01  1.1519868e+02
  6.1691998e-01  1.2972349e+02
  6.0147714e-01  1.4438015e+02
  5.8572911e-01  1.5916865e+02
  5.6979796e-01  1.7407801e+02
  5.5362266e-01 -1.7090277e+02
  5.3726424e-01 -1.5574071e+02
  5.2072270e-01 -1.4046878e+02
  5.0393701e-01 -1.2506501e+02
  4.8709028e-01 -1.0955136e+02
  4.7006043e-01 -9.3927852e+01
  4.5296954e-01 -7.8183483e+01
  4.3581762e-01 -6.2340231e+01
  4.1860465e-01 -4.6376122e+01
  4.0133065e-01 -3.0324116e+01
  3.8411768e-01 -1.4162241e+01
  3.6690472e-01  2.1095038e+00
  3.4975279e-01  1.8469145e+01
  3.3266191e-01  3.4916682e+01
  3.1569310e-01  5.1463102e+01
  2.9890740e-01  6.8097418e+01
  2.8230483e-01  8.4830617e+01
  2.6588537e-01  1.0162974e+02
  2.4964903e-01  1.1852774e+02
  2.3377892e-01  1.3549167e+02
  2.1809192e-01  1.5254349e+02
  2.0283220e-01  1.6966123e+02
  1.8787768e-01 -1.7316609e+02
  1.7328939e-01 -1.5590551e+02
  1.5918940e-01 -1.3859000e+02
  1.4545566e-01 -1.2119758e+02
  1.3221022e-01 -1.0375023e+02
  1.1945309e-01 -8.6247940e+01
  1.0724532e-01 -6.8679729e+01
  9.5586889e-02 -5.1067570e+01
  8.4477812e-02 -3.3411463e+01
  7.3979125e-02 -1.5711408e+01
  6.4151865e-02  2.0435818e+00
  5.4873955e-02  1.9831533e+01
  4.6328511e-02  3.7652445e+01
  3.8454496e-02  5.5517305e+01
  3.1251907e-02  7.3404138e+01
  2.4781786e-02  9.1323933e+01
  1.9044131e-02  1.0927669e+02
  1.3977904e-02  1.2724043e+02
  9.7662211e-03  1.4522615e+02
  6.2259659e-03  1.6323384e+02
  3.5402551e-03 -1.7876946e+02
  1.5870109e-03 -1.6073979e+02
  3.6623329e-04 -1.4271013e+02
  0.0000000e+00  0.0000000e+00
