0.00000  1675.56350  1.00000  1.03000
0.00039  1657.69190  1.00000  1.02991
0.00157  1639.82180  1.00000  1.02966
0.00352  1621.95610  1.00000  1.02923
0.00625  1604.09790  1.00000  1.02863
0.00975  1586.25010  1.00000  1.02786
0.01400  1568.41570  1.00000  1.02692
0.01902  1550.59750  1.00000  1.02581
0.02477  1532.79870  1.00000  1.02453
0.03125  1515.02200  1.00000  1.02308
0.03844  1497.27060  1.00000  1.02146
0.04633  1479.54720  1.00000  1.01968
0.05490  1461.85480  1.00000  1.01773
0.06413  1444.19630  1.00000  1.01561
0.07400  1426.57460  1.00000  1.01333
0.08450  1408.99260  1.00000  1.01089
0.09559  1391.45320  1.00000  1.00828
0.10726  1373.95910  1.00000  1.00552
0.11947  1356.51340  1.00000  1.00259
0.13221  1339.11870  1.00000  0.99951
0.14544  1321.77790  1.00000  0.99627
0.15915  1304.49390  1.00000  0.99287
0.17330  1287.26930  1.00000  0.98932
0.18786  1270.10700  1.00000  0.98562
0.20281  1253.00970  1.00000  0.98177
0.21811  1235.98020  1.00000  0.97777
0.23374  1219.02120  1.00000  0.97363
0.24966  1202.13540  1.00000  0.96934
0.26585  1185.32540  1.00000  0.96491
0.28227  1168.59390  1.00000  0.96034
0.29890  1151.94360  1.00000  0.95563
0.31570  1135.37700  1.00000  0.95078
0.33265  1118.89680  1.00000  0.94581
0.34972  1102.50560  1.00000  0.94070
0.36687  1086.20580  1.00000  0.93546
0.38408  1069.99990  1.00000  0.93010
0.40133  1053.89060  1.00000  0.92461
0.41857  1037.88010  1.00000  0.91901
0.43579  1021.97090  1.00000  0.91328
0.45296  1006.16550  1.00000  0.90744
0.47006  990.46613  1.00000  0.90149
0.48706  974.87512  1.00000  0.89542
0.50393  959.39474  1.00000  0.88925
0.52066  944.02723  1.00000  0.88298
0.53723  928.77477  1.00000  0.87660
0.55360  913.63951  1.00000  0.87013
0.56977  898.62353  1.00000  0.86356
0.58572  883.72888  1.00000  0.85689
0.60142  868.95757  1.00000  0.85014
0.61687  854.31152  1.00000  0.84330
0.63204  839.79264  1.00000  0.83638
0.64692  825.40275  1.00000  0.82938
0.66150  811.14364  1.00000  0.82230
0.67578  797.01701  1.00000  0.81514
0.68973  783.02452  1.00000  0.80792
0.70335  769.16777  1.00000  0.80063
0.71663  755.44829  1.00000  0.79327
0.72956  741.86754  1.00000  0.78586
0.74214  728.42692  1.00000  0.77838
0.75437  715.12776  1.00000  0.77085
0.76623  701.97132  1.00000  0.76327
0.77773  688.95880  1.00000  0.75564
0.78886  676.09131  1.00000  0.74797
0.79963  663.36992  1.00000  0.74026
0.81002  650.79559  1.00000  0.73250
0.82006  638.36924  1.00000  0.72472
0.82973  626.09169  1.00000  0.71690
0.83903  613.96371  1.00000  0.70905
0.84798  601.98599  1.00000  0.70118
0.85657  590.15913  1.00000  0.69328
0.86481  578.48367  1.00000  0.68537
0.87271  566.96009  1.00000  0.67744
0.88027  555.58877  1.00000  0.66950
0.88749  544.37003  1.00000  0.66155
0.89439  533.30412  1.00000  0.65360
0.90096  522.39120  1.00000  0.64564
0.90722  511.63139  1.00000  0.63769
0.91318  501.02472  1.00000  0.62973
0.91885  490.57114  1.00000  0.62179
0.92422  480.27054  1.00000  0.61385
0.92932  470.12275  1.00000  0.60593
0.93414  460.12752  1.00000  0.59802
0.93870  450.28455  1.00000  0.59013
0.94301  440.59345  1.00000  0.58226
0.94708  431.05378  1.00000  0.57442
0.95091  421.66504  1.00000  0.56660
0.95452  412.42666  1.00000  0.55881
0.95791  403.33802  1.00000  0.55106
0.96109  394.39843  1.00000  0.54334
0.96407  385.60715  1.00000  0.53566
0.96687  376.96338  1.00000  0.52802
0.96948  368.46627  1.00000  0.52043
0.97192  360.11491  1.00000  0.51288
0.97420  351.90833  1.00000  0.50538
0.97632  343.84554  1.00000  0.49793
0.97830  335.92548  1.00000  0.49053
0.98013  328.14705  1.00000  0.48319
0.98184  320.50908  1.00000  0.47590
0.98342  313.01041  1.00000  0.46868
0.98488  305.64978  1.00000  0.46152
0.98623  298.42594  1.00000  0.45442
0.98748  291.33755  1.00000  0.44739
0.98862  284.38329  1.00000  0.44042
0.98968  277.56176  1.00000  0.43353
0.99066  270.87155  1.00000  0.42670
0.99155  264.31120  1.00000  0.41996
0.99237  257.87924  1.00000  0.41328
0.99312  251.57417  1.00000  0.40669
0.99380  245.39444  1.00000  0.40017
0.99443  239.33850  1.00000  0.39373
0.99499  233.40477  1.00000  0.38737
0.99551  227.59165  1.00000  0.38110
0.99598  221.89750  1.00000  0.37491
0.99641  216.32069  1.00000  0.36880
0.99680  210.85956  1.00000  0.36279
0.99715  205.51243  1.00000  0.35686
0.99746  200.27762  1.00000  0.35102
0.99775  195.15343  1.00000  0.34526
0.99800  190.13814  1.00000  0.33960
0.99823  185.23004  1.00000  0.33403
0.99844  180.42740  1.00000  0.32856
0.99862  175.72849  1.00000  0.32317
0.99879  171.13157  1.00000  0.31788
0.99893  166.63491  1.00000  0.31269
0.99907  162.23676  1.00000  0.30759
0.99918  157.93538  1.00000  0.30258
0.99928  153.72903  1.00000  0.29767
0.99938  149.61598  1.00000  0.29285
0.99946  145.59450  1.00000  0.28813
0.99953  141.66286  1.00000  0.28351
0.99959  137.81934  1.00000  0.27899
0.99965  134.06223  1.00000  0.27456
0.99969  130.38983  1.00000  0.27022
0.99974  126.80045  1.00000  0.26599
0.99977  123.29241  1.00000  0.26184
0.99981  119.86404  1.00000  0.25780
0.99983  116.51371  1.00000  0.25385
0.99986  113.23976  1.00000  0.25000
0.99988  110.04059  1.00000  0.24624
0.99990  106.91460  1.00000  0.24257
0.99991  103.86019  1.00000  0.23901
0.99993  100.87582  1.00000  0.23553
0.99994  97.95994  1.00000  0.23215
0.99995  95.11103  1.00000  0.22885
0.99996  92.32760  1.00000  0.22566
0.99996  89.60818  1.00000  0.22255
0.99997  86.95131  1.00000  0.21953
0.99997  84.35557  1.00000  0.21660
0.99998  81.81957  1.00000  0.21376
0.99998  79.34194  1.00000  0.21101
0.99999  76.92132  1.00000  0.20834
0.99999  74.55642  1.00000  0.20576
0.99999  72.24593  1.00000  0.20326
0.99999  69.98860  1.00000  0.20085
0.99999  67.78320  1.00000  0.19851
0.99999  65.62854  1.00000  0.19626
1.00000  63.52344  1.00000  0.19409
1.00000  61.46677  1.00000  0.19200
1.00000  59.45741  1.00000  0.18998
1.00000  57.49429  1.00000  0.18804
1.00000  55.57637  1.00000  0.18618
1.00000  53.70263  1.00000  0.18438
1.00000  51.87208  1.00000  0.18266
1.00000  50.08377  1.00000  0.18101
1.00000  48.33679  1.00000  0.17943
1.00000  46.63025  1.00000  0.17791
1.00000  44.96328  1.00000  0.17646
1.00000  43.33506  1.00000  0.17508
1.00000  41.74480  1.00000  0.17376
1.00000  40.19172  1.00000  0.17250
1.00000  38.67510  1.00000  0.17129
1.00000  37.19423  1.00000  0.17015
1.00000  35.74844  1.00000  0.16906
1.00000  34.33707  1.00000  0.16803
1.00000  32.95951  1.00000  0.16705
1.00000  31.61518  1.00000  0.16613
1.00000  30.30351  1.00000  0.16525
1.00000  29.02396  1.00000  0.16442
1.00000  27.77604  1.00000  0.16364
1.00000  26.55927  1.00000  0.16290
1.00000  25.37318  1.00000  0.16221
1.00000  24.21735  1.00000  0.16156
1.00000  23.09137  1.00000  0.16095
1.00000  21.99486  1.00000  0.16038
1.00000  20.92747  1.00000  0.15985
1.00000  19.88884  1.00000  0.15935
1.00000  18.87868  1.00000  0.15889
1.00000  17.89669  1.00000  0.15846
1.00000  16.94258  1.00000  0.15807
1.00000  16.01611  1.00000  0.15770
1.00000  15.11703  1.00000  0.15736
1.00000  14.24514  1.00000  0.15705
1.00000  13.40022  1.00000  0.15676
1.00000  12.58209  1.00000  0.15650
1.00000  11.79057  1.00000  0.15626
1.00000  11.02552  1.00000  0.15604
1.00000  10.28678  1.00000  0.15585
1.00000  9.57423  1.00000  0.15567
1.00000  8.88775  1.00000  0.15551
1.00000  8.22723  1.00000  0.15537
1.00000  7.59258  1.00000  0.15524
1.00000  6.98372  1.00000  0.15513
1.00000  6.40056  1.00000  0.15503
1.00000  5.84303  1.00000  0.15494
1.00000  5.31109  1.00000  0.15487
1.00000  4.80468  1.00000  0.15480
1.00000  4.32375  1.00000  0.15474
1.00000  3.86827  1.00000  0.15469
1.00000  3.43819  1.00000  0.15465
1.00000  3.03350  1.00000  0.15462
1.00000  2.65417  1.00000  0.15459
1.00000  2.30018  1.00000  0.15457
1.00000  1.97151  1.00000  0.15455
1.00000  1.66816  1.00000  0.15454
1.00000  1.39010  1.00000  0.15453
1.00000  1.13733  1.00000  0.15452
1.00000  0.90986  1.00000  0.15451
1.00000  0.70766  1.00000  0.15451
1.00000  0.53074  1.00000  0.15450
1.00000  0.37910  1.00000  0.15450
1.00000  0.25273  1.00000  0.15450
1.00000  0.15164  1.00000  0.15450
1.00000  0.07582  1.00000  0.15450
1.00000  0.02527  1.00000  0.15450
1.00000  0.00000  1.00000  0.15450
1.00000  0.00000  1.00000  0.15450
1.00000  0.02527  1.00000  0.15450
1.00000  0.07582  1.00000  0.15450
1.00000  0.15164  1.00000  0.15450
1.00000  0.25273  1.00000  0.15450
1.00000  0.37910  1.00000  0.15450
1.00000  0.53074  1.00000  0.15450
1.00000  0.70766  1.00000  0.15451
1.00000  0.90985  1.00000  0.15451
1.00000  1.13732  1.00000  0.15452
1.00000  1.39007  1.00000  0.15453
1.00000  1.66812  1.00000  0.15454
1.00000  1.97145  1.00000  0.15455
1.00000  2.30009  1.00000  0.15457
1.00000  2.65404  1.00000  0.15459
1.00000  3.03332  1.00000  0.15462
1.00000  3.43795  1.00000  0.15465
1.00000  3.86794  1.00000  0.15469
1.00000  4.32331  1.00000  0.15474
1.00000  4.80411  1.00000  0.15480
1.00000  5.31036  1.00000  0.15487
1.00000  5.84211  1.00000  0.15494
1.00000  6.39939  1.00000  0.15503
1.00000  6.98227  1.00000  0.15513
1.00000  7.59081  1.00000  0.15524
1.00000  8.22507  1.00000  0.15537
1.00000  8.88514  1.00000  0.15551
1.00000  9.57109  1.00000  0.15567
1.00000  10.28304  1.00000  0.15585
1.00000  11.02108  1.00000  0.15604
1.00000  11.78534  1.00000  0.15626
1.00000  12.57596  1.00000  0.15650
1.00000  13.39307  1.00000  0.15676
1.00000  14.23685  1.00000  0.15705
1.00000  15.10746  1.00000  0.15736
1.00000  16.00510  1.00000  0.15770
1.00000  16.92997  1.00000  0.15807
1.00000  17.88230  1.00000  0.15846
1.00000  18.86232  1.00000  0.15889
1.00000  19.87031  1.00000  0.15935
1.00000  20.90654  1.00000  0.15985
1.00000  21.97131  1.00000  0.16038
1.00000  23.06494  1.00000  0.16095
1.00000  24.18778  1.00000  0.16156
1.00000  25.34019  1.00000  0.16221
1.00000  26.52255  1.00000  0.16290
1.00000  27.73529  1.00000  0.16364
1.00000  28.97883  1.00000  0.16442
1.00000  30.25365  1.00000  0.16525
1.00000  31.56022  1.00000  0.16613
1.00000  32.89907  1.00000  0.16705
1.00000  34.27073  1.00000  0.16803
1.00000  35.67577  1.00000  0.16906
1.00000  37.11479  1.00000  0.17015
1.00000  38.58842  1.00000  0.17129
1.00000  40.09732  1.00000  0.17250
1.00000  41.64215  1.00000  0.17376
1.00000  43.22365  1.00000  0.17508
1.00000  44.84255  1.00000  0.17646
1.00000  46.49964  1.00000  0.17791
1.00000  48.19571  1.00000  0.17943
1.00000  49.93161  1.00000  0.18101
1.00000  51.70820  1.00000  0.18266
1.00000  53.52638  1.00000  0.18438
1.00000  55.38709  1.00000  0.18618
1.00000  57.29129  1.00000  0.18804
1.00000  59.23997  1.00000  0.18998
1.00000  61.23417  1.00000  0.19200
1.00000  63.27493  1.00000  0.19409
0.99999  65.36336  1.00000  0.19626
0.99999  67.50056  1.00000  0.19851
0.99999  69.68770  1.00000  0.20085
0.99999  71.92595  1.00000  0.20326
0.99999  74.21652  1.00000  0.20576
0.99999  76.56067  1.00000  0.20834
0.99998  78.95965  1.00000  0.21101
0.99998  81.41478  1.00000  0.21376
0.99997  83.92739  1.00000  0.21660
0.99997  86.49882  1.00000  0.21953
0.99996  89.13047  1.00000  0.22255
0.99996  91.82374  1.00000  0.22566
0.99995  94.58008  1.00000  0.22885
0.99994  97.40095  1.00000  0.23215
0.99993  100.28783  1.00000  0.23553
0.99991  103.24224  1.00000  0.23901
0.99990  106.26570  1.00000  0.24257
0.99988  109.35979  1.00000  0.24624
0.99986  112.52606  1.00000  0.25000
0.99983  115.76613  1.00000  0.25385
0.99981  119.08160  1.00000  0.25780
0.99977  122.47411  1.00000  0.26184
0.99974  125.94530  1.00000  0.26599
0.99969  129.49685  1.00000  0.27022
0.99965  133.13044  1.00000  0.27456
0.99959  136.84775  1.00000  0.27899
0.99953  140.65050  1.00000  0.28351
0.99946  144.54040  1.00000  0.28813
0.99938  148.51917  1.00000  0.29285
0.99928  152.58856  1.00000  0.29767
0.99918  156.75030  1.00000  0.30258
0.99907  161.00614  1.00000  0.30759
0.99893  165.35783  1.00000  0.31269
0.99879  169.80713  1.00000  0.31788
0.99862  174.35580  1.00000  0.32317
0.99844  179.00558  1.00000  0.32856
0.99823  183.75824  1.00000  0.33403
0.99800  188.61552  1.00000  0.33960
0.99775  193.57917  1.00000  0.34526
0.99746  198.65094  1.00000  0.35102
0.99715  203.83255  1.00000  0.35686
0.99680  209.12573  1.00000  0.36279
0.99641  214.53221  1.00000  0.36880
0.99598  220.05367  1.00000  0.37491
0.99551  225.69181  1.00000  0.38110
0.99499  231.44829  1.00000  0.38737
0.99443  237.32479  1.00000  0.39373
0.99380  243.32292  1.00000  0.40017
0.99312  249.44432  1.00000  0.40669
0.99237  255.69057  1.00000  0.41328
0.99155  262.06325  1.00000  0.41996
0.99066  268.56391  1.00000  0.42670
0.98968  275.19405  1.00000  0.43353
0.98862  281.95518  1.00000  0.44042
0.98748  288.84876  1.00000  0.44739
0.98623  295.87621  1.00000  0.45442
0.98488  303.03892  1.00000  0.46152
0.98342  310.33826  1.00000  0.46868
0.98184  317.77556  1.00000  0.47590
0.98013  325.35208  1.00000  0.48319
0.97830  333.06908  1.00000  0.49053
0.97632  340.92776  1.00000  0.49793
0.97420  348.92927  1.00000  0.50538
0.97192  357.07473  1.00000  0.51288
0.96948  365.36520  1.00000  0.52043
0.96687  373.80170  1.00000  0.52802
0.96407  382.38518  1.00000  0.53566
0.96109  391.11658  1.00000  0.54334
0.95791  399.99674  1.00000  0.55106
0.95452  409.02647  1.00000  0.55881
0.95091  418.20652  1.00000  0.56660
0.94708  427.53758  1.00000  0.57442
0.94301  437.02028  1.00000  0.58226
0.93870  446.65520  1.00000  0.59013
0.93414  456.44283  1.00000  0.59802
0.92932  466.38363  1.00000  0.60593
0.92422  476.47798  1.00000  0.61385
0.91885  486.72618  1.00000  0.62179
0.91318  497.12849  1.00000  0.62973
0.90722  507.68508  1.00000  0.63769
0.90096  518.39607  1.00000  0.64564
0.89439  529.26150  1.00000  0.65360
0.88749  540.28132  1.00000  0.66155
0.88027  551.45545  1.00000  0.66950
0.87271  562.78371  1.00000  0.67744
0.86481  574.26585  1.00000  0.68537
0.85657  585.90155  1.00000  0.69328
0.84798  597.69041  1.00000  0.70118
0.83903  609.63197  1.00000  0.70905
0.82973  621.72568  1.00000  0.71690
0.82006  633.97093  1.00000  0.72472
0.81002  646.36703  1.00000  0.73250
0.79963  658.91320  1.00000  0.74026
0.78886  671.60862  1.00000  0.74797
0.77773  684.45237  1.00000  0.75564
0.76623  697.44346  1.00000  0.76327
0.75437  710.58084  1.00000  0.77085
0.74214  723.86337  1.00000  0.77838
0.72956  737.28986  1.00000  0.78586
0.71663  750.85903  1.00000  0.79327
0.70335  764.56955  1.00000  0.80063
0.68973  778.42000  1.00000  0.80792
0.67578  792.40891  1.00000  0.81514
0.66150  806.53474  1.00000  0.82230
0.64692  820.79588  1.00000  0.82938
0.63204  835.19066  1.00000  0.83638
0.61687  849.71737  1.00000  0.84330
0.60142  864.37419  1.00000  0.85014
0.58572  879.15930  1.00000  0.85689
0.56977  894.07079  1.00000  0.86356
0.55360  909.10670  1.00000  0.87013
0.53723  924.26501  1.00000  0.87660
0.52066  939.54367  1.00000  0.88298
0.50393  954.94057  1.00000  0.88925
0.48706  970.45354  1.00000  0.89542
0.47006  986.08039  1.00000  0.90149
0.45296  1001.81890  1.00000  0.90744
0.43579  1017.66670  1.00000  0.91328
0.41857  1033.62150  1.00000  0.91901
0.40133  1049.68100  1.00000  0.92461
0.38408  1065.84270  1.00000  0.93010
0.36687  1082.10420  1.00000  0.93546
0.34972  1098.46310  1.00000  0.94070
0.33265  1114.91680  1.00000  0.94581
0.31570  1131.46270  1.00000  0.95078
0.29890  1148.09850  1.00000  0.95563
0.28227  1164.82130  1.00000  0.96034
0.26585  1181.62880  1.00000  0.96491
0.24966  1198.51810  1.00000  0.96934
0.23374  1215.48660  1.00000  0.97363
0.21811  1232.53170  1.00000  0.97777
0.20281  1249.65070  1.00000  0.98177
0.18786  1266.84080  1.00000  0.98562
0.17330  1284.09930  1.00000  0.98932
0.15915  1301.42340  1.00000  0.99287
0.14544  1318.81040  1.00000  0.99627
0.13221  1336.25740  1.00000  0.99951
0.11947  1353.76170  1.00000  1.00259
0.10726  1371.32040  1.00000  1.00552
0.09559  1388.93060  1.00000  1.00828
0.08450  1406.58960  1.00000  1.01089
0.07400  1424.29440  1.00000  1.01333
0.06413  1442.04220  1.00000  1.01561
0.05490  1459.83000  1.00000  1.01773
0.04633  1477.65500  1.00000  1.01968
0.03844  1495.51420  1.00000  1.02146
0.03125  1513.40460  1.00000  1.02308
0.02477  1531.32350  1.00000  1.02453
0.01902  1549.26770  1.00000  1.02581
0.01400  1567.23430  1.00000  1.02692
0.00975  1585.22050  1.00000  1.02786
0.00625  1603.22310  1.00000  1.02863
0.00352  1621.23910  1.00000  1.02923
0.00157  1639.26570  1.00000  1.02966
0.00039  1657.29980  1.00000  1.02991
0.00000  1675.33840  1.00000  1.03000
